Thread 0
2  [ 0011100011010001, 0011010101110101 ]
3  [ 0011100100101110, 0011101010111100 ]
4  [ 0011010101101001, 0011101000111110 ]
5  [ 0011100101111000, 0011010111011101 ]
6  [ 0011101001000001, 0011011011101100 ]
7  [ 0010101110011011, 0010111001001111 ]
8  [ 0011011001111001, 0011011100101101 ]
9  [ 0011010111011010, 0011101000011100 ]
10  [ 0011100100000110, 0011101000101101 ]
11  [ 0011101101110110, 0011101111001000 ]
12  [ 0011100001011010, 0011100111000101 ]
13  [ 0011100000101110, 0011101111110011 ]
14  [ 0011001011111111, 0010111011000101 ]
15  [ 0010111100000101, 0010110000010010 ]
16  [ 0011000110001100, 0011010111110101 ]
17  [ 0011100101010101, 0011000100000001 ]
18  [ 0011101010011000, 0011011011000100 ]
19  [ 0011100001000000, 0011100100011010 ]
22  [ 0011100101101111, 0011011111101000 ]
23  [ 0011101001110010, 0011100000101100 ]
Thread 1
2  [ 0011011000110000, 0011100011011100 ]
3  [ 0011100101101111, 0011101010101010 ]
4  [ 0011010010110100, 0011010101100111 ]
5  [ 0011000000111010, 0011010111101000 ]
6  [ 0010111001110000, 0011100100111110 ]
7  [ 0011010100001110, 0011000010001011 ]
8  [ 0011011001001100, 0011100101011111 ]
9  [ 0011100111101110, 0011100000101001 ]
10  [ 0011010110010000, 0011000011001101 ]
11  [ 0011100010110000, 0011010000110010 ]
12  [ 0011001000100101, 0011000001110010 ]
13  [ 0011100110010010, 0010111000000001 ]
14  [ 0011100000110100, 0011100000111110 ]
15  [ 0011101011100100, 0011011111000010 ]
16  [ 0011011001000001, 0011001001010111 ]
17  [ 0011100001010000, 0011101011011000 ]
18  [ 0011101111011100, 0010111000001000 ]
19  [ 0011010100110100, 0011101110101001 ]
22  [ 0011011001010100, 0011101000111011 ]
23  [ 0011100010011101, 0010111000110001 ]
Thread 2
2  [ 0011101101010100, 0011001000100011 ]
3  [ 0011100100010110, 0011010000011010 ]
4  [ 0011100111111000, 0011100011011101 ]
5  [ 0011100111001000, 0011100101111011 ]
6  [ 0011010010110100, 0010111100000110 ]
7  [ 0011101000101111, 0011000101100010 ]
8  [ 0011100101111000, 0011100110100010 ]
9  [ 0011011100010100, 0010010100000011 ]
10  [ 0011010101001011, 0011011011001010 ]
11  [ 0011010001010011, 0011001001001110 ]
12  [ 0010100110110001, 0011101000001010 ]
13  [ 0011001111000101, 0011011100010100 ]
14  [ 0011100110000001, 0011010110111111 ]
15  [ 0011100111100100, 0011011001010001 ]
16  [ 0011101010100111, 0011011111010110 ]
17  [ 0011100110010110, 0011100100101000 ]
18  [ 0011100111011000, 0011100011001010 ]
19  [ 0010111011000011, 0011001110110100 ]
22  [ 0011010111100001, 0011100110111000 ]
23  [ 0011000111011011, 0011101010001100 ]
Thread 3
2  [ 0001010010110111, 0011100111101000 ]
3  [ 0011101110010000, 0011100011101000 ]
4  [ 0010000101001011, 0011100111101110 ]
5  [ 0010111100010000, 0011100011001001 ]
6  [ 0011001110011001, 0011101101111000 ]
7  [ 0011100110010010, 0011001001001000 ]
8  [ 0011011000001010, 0011001011101010 ]
9  [ 0011101001010011, 0011101110011000 ]
10  [ 0011010100111110, 0011100101011111 ]
11  [ 0011011100000101, 0011101010101011 ]
12  [ 0011101010010011, 0011011011100001 ]
13  [ 0011101100011010, 0011011001000010 ]
14  [ 0011101000100111, 0011011001011001 ]
15  [ 0011101001111000, 0011101000001010 ]
16  [ 0011101001101101, 0011010101101111 ]
17  [ 0011100101010101, 0011011000000101 ]
18  [ 0011010110000001, 0011011110001001 ]
19  [ 0011100011100011, 0011100101101001 ]
22  [ 0011101111100111, 0011101100111011 ]
23  [ 0011001110101110, 0011101010001010 ]
Thread 4
2  [ 0011010100101001, 0011001000001010 ]
3  [ 0011100011011100, 0011010100010111 ]
4  [ 0011100111010110, 0011101100100000 ]
5  [ 0011100111111110, 0011101000101101 ]
6  [ 0010111100110000, 0011101000100111 ]
7  [ 0011011011000101, 0011101100100101 ]
8  [ 0011011001111001, 0011011100101101 ]
9  [ 0011010111011010, 0011101000011100 ]
10  [ 0011100100000110, 0011101000101101 ]
11  [ 0011101101110110, 0011101111001000 ]
12  [ 0011100001011010, 0011100111000101 ]
13  [ 0011100000101110, 0011101111110011 ]
14  [ 0011001011111111, 0010111011000101 ]
15  [ 0010111100000101, 0010110000010010 ]
16  [ 0011100101000001, 0011010001001110 ]
17  [ 0010100000101100, 0011100010110111 ]
18  [ 0011101010001011, 0010110001100111 ]
19  [ 0011000011101011, 0011010000010100 ]
22  [ 0010111001010001, 0010011111010010 ]
23  [ 0011101111010100, 0011101111001001 ]
Thread 5
2  [ 0011101001000111, 0011010010011010 ]
3  [ 0011011100110100, 0010111110100001 ]
4  [ 0011100110101000, 0011101001100100 ]
5  [ 0011100010101010, 0011001010010101 ]
6  [ 0011101001000111, 0011011001010110 ]
7  [ 0011100100111111, 0011100110100000 ]
8  [ 0011011001001100, 0011100101011111 ]
9  [ 0011100111101110, 0011100000101001 ]
10  [ 0011010110010000, 0011000011001101 ]
11  [ 0011100010110000, 0011010000110010 ]
12  [ 0011001000100101, 0011000001110010 ]
13  [ 0011100110010010, 0010111000000001 ]
14  [ 0011100000110100, 0011100000111110 ]
15  [ 0011101011100100, 0011011111000010 ]
16  [ 0011100100000110, 0011011011000100 ]
17  [ 0011100001111101, 0011001100111101 ]
18  [ 0011010000101100, 0011010100011101 ]
19  [ 0011010001111111, 0011001100101011 ]
22  [ 0011010000110001, 0011100111110100 ]
23  [ 0011100110110100, 0011100100110001 ]
Thread 6
2  [ 0011011110001011, 0010110111010101 ]
3  [ 0011011101010111, 0011101110000101 ]
4  [ 0011101001000000, 0011100111100000 ]
5  [ 0011100111101100, 0011011000110110 ]
6  [ 0011010010101010, 0011010001011110 ]
7  [ 0011100111001001, 0011100001110010 ]
8  [ 0011100101111000, 0011100110100010 ]
9  [ 0011011100010100, 0010010100000011 ]
10  [ 0011010101001011, 0011011011001010 ]
11  [ 0011010001010011, 0011001001001110 ]
12  [ 0010100110110001, 0011101000001010 ]
13  [ 0011001111000101, 0011011100010100 ]
14  [ 0011100110000001, 0011010110111111 ]
15  [ 0011100111100100, 0011011001010001 ]
16  [ 0011010010101100, 0011100001100010 ]
17  [ 0011101100001110, 0011011000100111 ]
18  [ 0011100011000001, 0011100000111111 ]
19  [ 0011011100001011, 0011100101011000 ]
22  [ 0011010101011110, 0011100000000000 ]
23  [ 0011100000000001, 0011101001100111 ]
Thread 7
2  [ 0010100010010100, 0011100010011100 ]
3  [ 0011100101001100, 0011100100101010 ]
4  [ 0011010010011100, 0010101010010010 ]
5  [ 0011001110000100, 0011100001101010 ]
6  [ 0011100011010100, 0010100011000100 ]
7  [ 0011100001000000, 0011000111100111 ]
8  [ 0011011000001010, 0011001011101010 ]
9  [ 0011101001010011, 0011101110011000 ]
10  [ 0011010100111110, 0011100101011111 ]
11  [ 0011011100000101, 0011101010101011 ]
12  [ 0011101010010011, 0011011011100001 ]
13  [ 0011101100011010, 0011011001000010 ]
14  [ 0011101000100111, 0011011001011001 ]
15  [ 0011101001111000, 0011101000001010 ]
16  [ 0011011011101000, 0011101110001011 ]
17  [ 0011100101011010, 0011100010101010 ]
18  [ 0010010111000011, 0011100100111100 ]
19  [ 0011100000111000, 0011101011000001 ]
22  [ 0011100101110000, 0011011110101110 ]
23  [ 0011011110001010, 0011011101000011 ]
Thread 8
2  [ 0011100011010001, 0011010101110101 ]
3  [ 0011100100101110, 0011101010111100 ]
4  [ 0011100001110110, 0011000100101000 ]
5  [ 0011011011001010, 0011100101110100 ]
6  [ 0011101001111001, 0011101001011011 ]
7  [ 0011101001010000, 0010011001101111 ]
8  [ 0010111111100001, 0011001010010011 ]
9  [ 0011000010110000, 0011001000001101 ]
10  [ 0010100101110110, 0011100100010101 ]
11  [ 0011010010000011, 0011100001001111 ]
12  [ 0011100001101011, 0011100100001010 ]
13  [ 0010100000011000, 0011100011101011 ]
14  [ 0011010111001100, 0010101001010111 ]
15  [ 0011011111010101, 0011001000101001 ]
16  [ 0011000110001100, 0011010111110101 ]
17  [ 0011100101010101, 0011000100000001 ]
18  [ 0011101010011000, 0011011011000100 ]
19  [ 0011100001000000, 0011100100011010 ]
22  [ 0011100101101111, 0011011111101000 ]
23  [ 0011101001110010, 0011100000101100 ]
Thread 9
2  [ 0011011000110000, 0011100011011100 ]
3  [ 0011100101101111, 0011101010101010 ]
4  [ 0011010100000100, 0011101000010001 ]
5  [ 0011011011011111, 0011011101101010 ]
6  [ 0011100111111101, 0011100010011111 ]
7  [ 0011101011010001, 0011011010111101 ]
8  [ 0011010001010011, 0011001010101100 ]
9  [ 0011100010000101, 0011100100011111 ]
10  [ 0011011010101100, 0011001010010111 ]
11  [ 0011101110010101, 0010110101000001 ]
12  [ 0011100110010000, 0011011111111100 ]
13  [ 0011100001001001, 0011011100011111 ]
14  [ 0010111111101111, 0011011111011001 ]
15  [ 0011101011010011, 0011101011111110 ]
16  [ 0011011001000001, 0011001001010111 ]
17  [ 0011100001010000, 0011101011011000 ]
18  [ 0011101111011100, 0010111000001000 ]
19  [ 0011010100110100, 0011101110101001 ]
22  [ 0011011001010100, 0011101000111011 ]
23  [ 0011100010011101, 0010111000110001 ]
Thread 10
2  [ 0011101101010100, 0011001000100011 ]
3  [ 0011100100010110, 0011010000011010 ]
4  [ 0011000101010010, 0011101011111000 ]
5  [ 0010111111111110, 0011001011001010 ]
6  [ 0010111110110001, 0011011100001010 ]
7  [ 0011100000001100, 0011000111100100 ]
8  [ 0011100111100111, 0010110000001111 ]
9  [ 0011101011100010, 0011101101111010 ]
10  [ 0011101111100000, 0011101011011111 ]
11  [ 0011101001001001, 0011100000011011 ]
12  [ 0010111011000100, 0011000010001100 ]
13  [ 0011000101010100, 0011100011111000 ]
14  [ 0011100010010111, 0010101010101010 ]
15  [ 0011101101110011, 0011100111010100 ]
16  [ 0011101010100111, 0011011111010110 ]
17  [ 0011100110010110, 0011100100101000 ]
18  [ 0011100111011000, 0011100011001010 ]
19  [ 0010111011000011, 0011001110110100 ]
22  [ 0011010111100001, 0011100110111000 ]
23  [ 0011000111011011, 0011101010001100 ]
Thread 11
2  [ 0001010010110111, 0011100111101000 ]
3  [ 0011101110010000, 0011100011101000 ]
4  [ 0011100011111011, 0011010110011101 ]
5  [ 0010011001000001, 0010111001001110 ]
6  [ 0011100000110011, 0011010000011111 ]
7  [ 0011100100010110, 0011100111001110 ]
8  [ 0011011101111001, 0011100100110000 ]
9  [ 0010011001110101, 0011101010111101 ]
10  [ 0011100001111001, 0011101011010101 ]
11  [ 0011010110010001, 0011011100100011 ]
12  [ 0011000110101111, 0011011001100001 ]
13  [ 0011000001001001, 0010011111101000 ]
14  [ 0011101110000011, 0011010011010010 ]
15  [ 0011010010111011, 0011010101010100 ]
16  [ 0011101001101101, 0011010101101111 ]
17  [ 0011100101010101, 0011011000000101 ]
18  [ 0011010110000001, 0011011110001001 ]
19  [ 0011100011100011, 0011100101101001 ]
22  [ 0011101111100111, 0011101100111011 ]
23  [ 0011001110101110, 0011101010001010 ]
Thread 12
2  [ 0011010100101001, 0011001000001010 ]
3  [ 0011100011011100, 0011010100010111 ]
4  [ 0010110010111100, 0011100011001000 ]
5  [ 0011101101111100, 0011101100101000 ]
6  [ 0011000111001001, 0011100101011111 ]
7  [ 0011100100001101, 0011000110101001 ]
8  [ 0010111111100001, 0011001010010011 ]
9  [ 0011000010110000, 0011001000001101 ]
10  [ 0010100101110110, 0011100100010101 ]
11  [ 0011010010000011, 0011100001001111 ]
12  [ 0011100001101011, 0011100100001010 ]
13  [ 0010100000011000, 0011100011101011 ]
14  [ 0011010111001100, 0010101001010111 ]
15  [ 0011011111010101, 0011001000101001 ]
16  [ 0011100101000001, 0011010001001110 ]
17  [ 0010100000101100, 0011100010110111 ]
18  [ 0011101010001011, 0010110001100111 ]
19  [ 0011000011101011, 0011010000010100 ]
22  [ 0010111001010001, 0010011111010010 ]
23  [ 0011101111010100, 0011101111001001 ]
Thread 13
2  [ 0011101001000111, 0011010010011010 ]
3  [ 0011011100110100, 0010111110100001 ]
4  [ 0011100101111001, 0011010101011101 ]
5  [ 0011011101010100, 0011100000100010 ]
6  [ 0011010000010110, 0011100110111001 ]
7  [ 0011010110101110, 0011101110101001 ]
8  [ 0011010001010011, 0011001010101100 ]
9  [ 0011100010000101, 0011100100011111 ]
10  [ 0011011010101100, 0011001010010111 ]
11  [ 0011101110010101, 0010110101000001 ]
12  [ 0011100110010000, 0011011111111100 ]
13  [ 0011100001001001, 0011011100011111 ]
14  [ 0010111111101111, 0011011111011001 ]
15  [ 0011101011010011, 0011101011111110 ]
16  [ 0011100100000110, 0011011011000100 ]
17  [ 0011100001111101, 0011001100111101 ]
18  [ 0011010000101100, 0011010100011101 ]
19  [ 0011010001111111, 0011001100101011 ]
22  [ 0011010000110001, 0011100111110100 ]
23  [ 0011100110110100, 0011100100110001 ]
Thread 14
2  [ 0011011110001011, 0010110111010101 ]
3  [ 0011011101010111, 0011101110000101 ]
4  [ 0011011001110000, 0011010011001010 ]
5  [ 0011001110110010, 0011100110011111 ]
6  [ 0010010101000010, 0011100100100011 ]
7  [ 0011101111111010, 0011010000111111 ]
8  [ 0011100111100111, 0010110000001111 ]
9  [ 0011101011100010, 0011101101111010 ]
10  [ 0011101111100000, 0011101011011111 ]
11  [ 0011101001001001, 0011100000011011 ]
12  [ 0010111011000100, 0011000010001100 ]
13  [ 0011000101010100, 0011100011111000 ]
14  [ 0011100010010111, 0010101010101010 ]
15  [ 0011101101110011, 0011100111010100 ]
16  [ 0011010010101100, 0011100001100010 ]
17  [ 0011101100001110, 0011011000100111 ]
18  [ 0011100011000001, 0011100000111111 ]
19  [ 0011011100001011, 0011100101011000 ]
22  [ 0011010101011110, 0011100000000000 ]
23  [ 0011100000000001, 0011101001100111 ]
Thread 15
2  [ 0010100010010100, 0011100010011100 ]
3  [ 0011100101001100, 0011100100101010 ]
4  [ 0011101111011101, 0011011100111110 ]
5  [ 0011101000011100, 0011000011101010 ]
6  [ 0011101101100100, 0011011010110100 ]
7  [ 0011001100101100, 0011101101100110 ]
8  [ 0011011101111001, 0011100100110000 ]
9  [ 0010011001110101, 0011101010111101 ]
10  [ 0011100001111001, 0011101011010101 ]
11  [ 0011010110010001, 0011011100100011 ]
12  [ 0011000110101111, 0011011001100001 ]
13  [ 0011000001001001, 0010011111101000 ]
14  [ 0011101110000011, 0011010011010010 ]
15  [ 0011010010111011, 0011010101010100 ]
16  [ 0011011011101000, 0011101110001011 ]
17  [ 0011100101011010, 0011100010101010 ]
18  [ 0010010111000011, 0011100100111100 ]
19  [ 0011100000111000, 0011101011000001 ]
22  [ 0011100101110000, 0011011110101110 ]
23  [ 0011011110001010, 0011011101000011 ]
Thread 16
2  [ 0011011101100110, 0011001111000101 ]
3  [ 0011001010110000, 0011100010101000 ]
4  [ 0010101000110100, 0010111010110101 ]
5  [ 0010111110000101, 0011101001010001 ]
6  [ 0011100000111111, 0011001000000000 ]
7  [ 0011000000000011, 0011010100010100 ]
8  [ 0011001001100101, 0011011010000011 ]
9  [ 0011100111111101, 0011101010011011 ]
10  [ 0011101001010010, 0011010100011001 ]
11  [ 0011100001000110, 0010110111000010 ]
12  [ 0011101000100111, 0011000101011010 ]
13  [ 0011101011100101, 0011101111101011 ]
14  [ 0011100000011110, 0011101100010011 ]
15  [ 0011100010110100, 0011000011110100 ]
16  [ 0010101110111110, 0011101110011101 ]
17  [ 0011000110110011, 0011001000011100 ]
18  [ 0011100010101100, 0011100110010001 ]
19  [ 0011101000111011, 0011010010100000 ]
22  [ 0010100011010101, 0011101100100001 ]
23  [ 0011101100011000, 0011100111001000 ]
Thread 17
2  [ 0011011011001010, 0011101101010111 ]
3  [ 0011100110101101, 0011100001010011 ]
4  [ 0011100101011000, 0011000000011000 ]
5  [ 0011100100100000, 0011010111100010 ]
6  [ 0010110111011011, 0011010001000010 ]
7  [ 0011000000101010, 0011010100010000 ]
8  [ 0011101011001110, 0011100001111100 ]
9  [ 0011101101110000, 0011100110010011 ]
10  [ 0011100010101010, 0011101010000110 ]
11  [ 0011101100001000, 0011101111101001 ]
12  [ 0010111100100110, 0011000001011101 ]
13  [ 0011100101101110, 0011011111101100 ]
14  [ 0011001000010010, 0011011111101100 ]
15  [ 0011000010111001, 0010101100001001 ]
16  [ 0011011001100011, 0011101101011101 ]
17  [ 0011000000011001, 0011011011011010 ]
18  [ 0010111011100110, 0011100110011001 ]
19  [ 0011011011000110, 0011100101100000 ]
22  [ 0011101100010101, 0011010101011001 ]
23  [ 0010011101010111, 0011000011001100 ]
Thread 18
2  [ 0011011101100000, 0011010001001110 ]
3  [ 0011001110001111, 0011101011110110 ]
4  [ 0011100011010100, 0011100001100101 ]
5  [ 0011010101000011, 0011001010011000 ]
6  [ 0011011001111100, 0011101001100010 ]
7  [ 0010110111101001, 0011001011110110 ]
8  [ 0011011111111000, 0011101100110101 ]
9  [ 0011100010011001, 0011101011000011 ]
10  [ 0011100111101001, 0011100010110000 ]
11  [ 0011001111100101, 0011100101010101 ]
12  [ 0001000001001000, 0011101011101100 ]
13  [ 0011100011100111, 0011101111101011 ]
14  [ 0011100000111001, 0011011110101100 ]
15  [ 0011101001101001, 0011001101001010 ]
16  [ 0011100000110111, 0010101010111110 ]
17  [ 0011101111111110, 0011011110110110 ]
18  [ 0011101101000000, 0011100100011100 ]
19  [ 0010110111010000, 0011100110010000 ]
22  [ 0011101101001110, 0011100110010111 ]
23  [ 0011011111010111, 0011100101000111 ]
Thread 19
2  [ 0011101000101001, 0011101000100000 ]
3  [ 0010111110100100, 0011010000111101 ]
4  [ 0011100000110101, 0011011111000011 ]
5  [ 0011100100111011, 0010110110001100 ]
6  [ 0010111010110110, 0011011111001101 ]
7  [ 0010000000000001, 0011010000000100 ]
8  [ 0011101101101101, 0011100010100100 ]
9  [ 0010010001011001, 0010111110111100 ]
10  [ 0011101011100111, 0011011111000000 ]
11  [ 0011101011000010, 0011001010110011 ]
12  [ 0010110101011000, 0011100100000010 ]
13  [ 0011100101001010, 0011100111010111 ]
14  [ 0011101100100000, 0011101111011100 ]
15  [ 0011101000100111, 0011100010100111 ]
16  [ 0011011010101011, 0011100111100111 ]
17  [ 0011000101111010, 0010111110111000 ]
18  [ 0011101100001010, 0010100001001101 ]
19  [ 0011010001000011, 0010110001011010 ]
22  [ 0011101001011111, 0011001001010100 ]
23  [ 0011000101100000, 0011100000100110 ]
Thread 20
2  [ 0011000110100001, 0011100101111000 ]
3  [ 0011101000101010, 0011011110101100 ]
4  [ 0011100110001010, 0010110010101010 ]
5  [ 0011100111100001, 0011001101010100 ]
6  [ 0011101110110111, 0011100101100011 ]
7  [ 0010111011110111, 0011001011001001 ]
8  [ 0011001001100101, 0011011010000011 ]
9  [ 0011100111111101, 0011101010011011 ]
10  [ 0011101001010010, 0011010100011001 ]
11  [ 0011100001000110, 0010110111000010 ]
12  [ 0011101000100111, 0011000101011010 ]
13  [ 0011101011100101, 0011101111101011 ]
14  [ 0011100000011110, 0011101100010011 ]
15  [ 0011100010110100, 0011000011110100 ]
16  [ 0010001111101110, 0011011010101111 ]
17  [ 0011001000011000, 0011010000000111 ]
18  [ 0011011011001110, 0011011010000110 ]
19  [ 0011011101010010, 0011010110000011 ]
22  [ 0011000001011111, 0011101100111101 ]
23  [ 0010101110100010, 0011011011101011 ]
Thread 21
2  [ 0011100111000110, 0011100001011111 ]
3  [ 0011010110011010, 0011100100011101 ]
4  [ 0011100001110100, 0010110110101010 ]
5  [ 0011101111000100, 0011100100100011 ]
6  [ 0011011011101011, 0011011011011111 ]
7  [ 0011100100001110, 0010110011110011 ]
8  [ 0011101011001110, 0011100001111100 ]
9  [ 0011101101110000, 0011100110010011 ]
10  [ 0011100010101010, 0011101010000110 ]
11  [ 0011101100001000, 0011101111101001 ]
12  [ 0010111100100110, 0011000001011101 ]
13  [ 0011100101101110, 0011011111101100 ]
14  [ 0011001000010010, 0011011111101100 ]
15  [ 0011000010111001, 0010101100001001 ]
16  [ 0011101111011111, 0011101111011101 ]
17  [ 0011010111100111, 0011010010100110 ]
18  [ 0011010100000001, 0011101010001111 ]
19  [ 0011101100000001, 0011101000111111 ]
22  [ 0011100111000101, 0011100011100001 ]
23  [ 0011100101110101, 0011101010011010 ]
Thread 22
2  [ 0011011110010011, 0011011011010000 ]
3  [ 0011100101001100, 0011100001011100 ]
4  [ 0011011001011000, 0011101001100011 ]
5  [ 0011101011101111, 0011011111000000 ]
6  [ 0011100110001111, 0011011100111010 ]
7  [ 0011000000001100, 0011101101001111 ]
8  [ 0011011111111000, 0011101100110101 ]
9  [ 0011100010011001, 0011101011000011 ]
10  [ 0011100111101001, 0011100010110000 ]
11  [ 0011001111100101, 0011100101010101 ]
12  [ 0001000001001000, 0011101011101100 ]
13  [ 0011100011100111, 0011101111101011 ]
14  [ 0011100000111001, 0011011110101100 ]
15  [ 0011101001101001, 0011001101001010 ]
16  [ 0011000101011001, 0011010011010011 ]
17  [ 0011011101011111, 0011100011110000 ]
18  [ 0011000100101011, 0011100110111111 ]
19  [ 0011100000100101, 0011100101100111 ]
22  [ 0010111011010101, 0011100011110001 ]
23  [ 0010100101101110, 0010110101011000 ]
Thread 23
2  [ 0011000011100011, 0011100100101000 ]
3  [ 0011011010101001, 0011100100101110 ]
4  [ 0010101111100010, 0011101110001011 ]
5  [ 0010110110000101, 0011000011011100 ]
6  [ 0011101000010001, 0011100011100001 ]
7  [ 0011000001001100, 0011100110100111 ]
8  [ 0011101101101101, 0011100010100100 ]
9  [ 0010010001011001, 0010111110111100 ]
10  [ 0011101011100111, 0011011111000000 ]
11  [ 0011101011000010, 0011001010110011 ]
12  [ 0010110101011000, 0011100100000010 ]
13  [ 0011100101001010, 0011100111010111 ]
14  [ 0011101100100000, 0011101111011100 ]
15  [ 0011101000100111, 0011100010100111 ]
16  [ 0010111011001100, 0011100110011100 ]
17  [ 0011101111011010, 0011010000111111 ]
18  [ 0011000110111000, 0011101111000000 ]
19  [ 0011101110001101, 0001111011100000 ]
22  [ 0011100100111011, 0011101011100000 ]
23  [ 0010110010010011, 0011000001000011 ]
Thread 24
2  [ 0011011101100110, 0011001111000101 ]
3  [ 0011001010110000, 0011100010101000 ]
4  [ 0011101111100111, 0011100101111100 ]
5  [ 0011010010100101, 0011101010010111 ]
6  [ 0011010100110111, 0011101000000100 ]
7  [ 0011101110011011, 0011010111101101 ]
8  [ 0011100110101000, 0011101111111111 ]
9  [ 0011010010011011, 0011011010100010 ]
10  [ 0011011101110000, 0011101000011101 ]
11  [ 0011101010001100, 0010111001101010 ]
12  [ 0010101011110001, 0011000110101011 ]
13  [ 0011100101001101, 0011010101001011 ]
14  [ 0011101100110000, 0010111110010000 ]
15  [ 0011101111101000, 0011100001010010 ]
16  [ 0010101110111110, 0011101110011101 ]
17  [ 0011000110110011, 0011001000011100 ]
18  [ 0011100010101100, 0011100110010001 ]
19  [ 0011101000111011, 0011010010100000 ]
22  [ 0010100011010101, 0011101100100001 ]
23  [ 0011101100011000, 0011100111001000 ]
Thread 25
2  [ 0011011011001010, 0011101101010111 ]
3  [ 0011100110101101, 0011100001010011 ]
4  [ 0011000101110100, 0011010010110101 ]
5  [ 0011010100010101, 0011000110011010 ]
6  [ 0011100001011111, 0011001101010001 ]
7  [ 0011011100011010, 0011101010111100 ]
8  [ 0011100101100111, 0011011101111111 ]
9  [ 0011101101001100, 0010111010101000 ]
10  [ 0011100111110111, 0011100111100100 ]
11  [ 0011100001111111, 0011000111100101 ]
12  [ 0011000110110011, 0011010111000001 ]
13  [ 0010101101000010, 0011100000101101 ]
14  [ 0011010101100000, 0011000110011111 ]
15  [ 0011001010110000, 0011101100111110 ]
16  [ 0011011001100011, 0011101101011101 ]
17  [ 0011000000011001, 0011011011011010 ]
18  [ 0010111011100110, 0011100110011001 ]
19  [ 0011011011000110, 0011100101100000 ]
22  [ 0011101100010101, 0011010101011001 ]
23  [ 0010011101010111, 0011000011001100 ]
Thread 26
2  [ 0011011101100000, 0011010001001110 ]
3  [ 0011001110001111, 0011101011110110 ]
4  [ 0011010000100000, 0011100000111111 ]
5  [ 0011100100111011, 0011000100111100 ]
6  [ 0011011001100010, 0010110000011100 ]
7  [ 0010101110101111, 0011100111100000 ]
8  [ 0011011100010001, 0010001011001101 ]
9  [ 0011101100101101, 0011001001001011 ]
10  [ 0010110111111010, 0011010011101011 ]
11  [ 0011011101001100, 0010111010000010 ]
12  [ 0011100011000111, 0011010011001101 ]
13  [ 0011000001001011, 0011001011001110 ]
14  [ 0011101100101001, 0010110010010011 ]
15  [ 0011001111000010, 0010101011100001 ]
16  [ 0011100000110111, 0010101010111110 ]
17  [ 0011101111111110, 0011011110110110 ]
18  [ 0011101101000000, 0011100100011100 ]
19  [ 0010110111010000, 0011100110010000 ]
22  [ 0011101101001110, 0011100110010111 ]
23  [ 0011011111010111, 0011100101000111 ]
Thread 27
2  [ 0011101000101001, 0011101000100000 ]
3  [ 0010111110100100, 0011010000111101 ]
4  [ 0011011001011001, 0011101010101001 ]
5  [ 0011101110101000, 0011100101010100 ]
6  [ 0011011010100100, 0011101000100011 ]
7  [ 0011101011101111, 0011100010010001 ]
8  [ 0011100100001100, 0010110111000001 ]
9  [ 0010110100101101, 0011101000111000 ]
10  [ 0011101100111110, 0011100001000101 ]
11  [ 0010111011111100, 0011101010011011 ]
12  [ 0011101111110111, 0011010101010000 ]
13  [ 0011010011000010, 0010101111110001 ]
14  [ 0011010011000110, 0010100111101111 ]
15  [ 0011100000001011, 0011101000010111 ]
16  [ 0011011010101011, 0011100111100111 ]
17  [ 0011000101111010, 0010111110111000 ]
18  [ 0011101100001010, 0010100001001101 ]
19  [ 0011010001000011, 0010110001011010 ]
22  [ 0011101001011111, 0011001001010100 ]
23  [ 0011000101100000, 0011100000100110 ]
Thread 28
2  [ 0011000110100001, 0011100101111000 ]
3  [ 0011101000101010, 0011011110101100 ]
4  [ 0011011001101111, 0011011011000011 ]
5  [ 0011101000010011, 0011101110100001 ]
6  [ 0011100100111011, 0011011001000001 ]
7  [ 0011100100111000, 0011001100101001 ]
8  [ 0011100110101000, 0011101111111111 ]
9  [ 0011010010011011, 0011011010100010 ]
10  [ 0011011101110000, 0011101000011101 ]
11  [ 0011101010001100, 0010111001101010 ]
12  [ 0010101011110001, 0011000110101011 ]
13  [ 0011100101001101, 0011010101001011 ]
14  [ 0011101100110000, 0010111110010000 ]
15  [ 0011101111101000, 0011100001010010 ]
16  [ 0010001111101110, 0011011010101111 ]
17  [ 0011001000011000, 0011010000000111 ]
18  [ 0011011011001110, 0011011010000110 ]
19  [ 0011011101010010, 0011010110000011 ]
22  [ 0011000001011111, 0011101100111101 ]
23  [ 0010101110100010, 0011011011101011 ]
Thread 29
2  [ 0011100111000110, 0011100001011111 ]
3  [ 0011010110011010, 0011100100011101 ]
4  [ 0011100011110111, 0011010111000001 ]
5  [ 0011100111101101, 0011100001010100 ]
6  [ 0011101101110110, 0011101010000111 ]
7  [ 0011100011010111, 0011010111111010 ]
8  [ 0011100101100111, 0011011101111111 ]
9  [ 0011101101001100, 0010111010101000 ]
10  [ 0011100111110111, 0011100111100100 ]
11  [ 0011100001111111, 0011000111100101 ]
12  [ 0011000110110011, 0011010111000001 ]
13  [ 0010101101000010, 0011100000101101 ]
14  [ 0011010101100000, 0011000110011111 ]
15  [ 0011001010110000, 0011101100111110 ]
16  [ 0011101111011111, 0011101111011101 ]
17  [ 0011010111100111, 0011010010100110 ]
18  [ 0011010100000001, 0011101010001111 ]
19  [ 0011101100000001, 0011101000111111 ]
22  [ 0011100111000101, 0011100011100001 ]
23  [ 0011100101110101, 0011101010011010 ]
Thread 30
2  [ 0011011110010011, 0011011011010000 ]
3  [ 0011100101001100, 0011100001011100 ]
4  [ 0011000011110001, 0011100001110111 ]
5  [ 0011100111110011, 0011100101110000 ]
6  [ 0011000100111011, 0011010100010100 ]
7  [ 0011011000110010, 0010110110011010 ]
8  [ 0011011100010001, 0010001011001101 ]
9  [ 0011101100101101, 0011001001001011 ]
10  [ 0010110111111010, 0011010011101011 ]
11  [ 0011011101001100, 0010111010000010 ]
12  [ 0011100011000111, 0011010011001101 ]
13  [ 0011000001001011, 0011001011001110 ]
14  [ 0011101100101001, 0010110010010011 ]
15  [ 0011001111000010, 0010101011100001 ]
16  [ 0011000101011001, 0011010011010011 ]
17  [ 0011011101011111, 0011100011110000 ]
18  [ 0011000100101011, 0011100110111111 ]
19  [ 0011100000100101, 0011100101100111 ]
22  [ 0010111011010101, 0011100011110001 ]
23  [ 0010100101101110, 0010110101011000 ]
Thread 31
2  [ 0011000011100011, 0011100100101000 ]
3  [ 0011011010101001, 0011100100101110 ]
4  [ 0011011000011010, 0011100111110001 ]
5  [ 0010111011000111, 0010100010101110 ]
6  [ 0011101101011110, 0011101010000100 ]
7  [ 0011000010001101, 0011100100011111 ]
8  [ 0011100100001100, 0010110111000001 ]
9  [ 0010110100101101, 0011101000111000 ]
10  [ 0011101100111110, 0011100001000101 ]
11  [ 0010111011111100, 0011101010011011 ]
12  [ 0011101111110111, 0011010101010000 ]
13  [ 0011010011000010, 0010101111110001 ]
14  [ 0011010011000110, 0010100111101111 ]
15  [ 0011100000001011, 0011101000010111 ]
16  [ 0010111011001100, 0011100110011100 ]
17  [ 0011101111011010, 0011010000111111 ]
18  [ 0011000110111000, 0011101111000000 ]
19  [ 0011101110001101, 0001111011100000 ]
22  [ 0011100100111011, 0011101011100000 ]
23  [ 0010110010010011, 0011000001000011 ]
