Thread 0
2  [ 0011100011010001, 0011010101110101 ]
3  [ 0011100100101110, 0011101010111100 ]
4  [ 0100010101101110, 0100010010111001 ]
5  [ 0100010000011101, 0100010111010110 ]
6  [ 0100010110110010, 0100010110011100 ]
7  [ 0100010101010110, 0100010100000010 ]
8  [ 0011011001111001, 0011011100101101 ]
9  [ 0011010111011010, 0011101000011100 ]
10  [ 0011100100000110, 0011101000101101 ]
11  [ 0011101101110110, 0011101111001000 ]
12  [ 0011100001011010, 0011100111000101 ]
13  [ 0011100000101110, 0011101111110011 ]
14  [ 0011001011111111, 0010111011000101 ]
15  [ 0010111100000101, 0010110000010010 ]
16  [ 0011000110001100, 0011010111110101 ]
17  [ 0011100101010101, 0011000100000001 ]
18  [ 0011101010011000, 0011011011000100 ]
19  [ 0011100001000000, 0011100100011010 ]
22  [ 0011100101101111, 0011011111101000 ]
23  [ 0011101001110010, 0011100000101100 ]
Thread 1
2  [ 0011011000110000, 0011100011011100 ]
3  [ 0011100101101111, 0011101010101010 ]
4  [ 0100010100100010, 0100010000100111 ]
5  [ 0100001101000010, 0100011000011111 ]
6  [ 0100010000101001, 0100010110001100 ]
7  [ 0100010101001101, 0100010100001001 ]
8  [ 0011011001001100, 0011100101011111 ]
9  [ 0011100111101110, 0011100000101001 ]
10  [ 0011010110010000, 0011000011001101 ]
11  [ 0011100010110000, 0011010000110010 ]
12  [ 0011001000100101, 0011000001110010 ]
13  [ 0011100110010010, 0010111000000001 ]
14  [ 0011100000110100, 0011100000111110 ]
15  [ 0011101011100100, 0011011111000010 ]
16  [ 0011011001000001, 0011001001010111 ]
17  [ 0011100001010000, 0011101011011000 ]
18  [ 0011101111011100, 0010111000001000 ]
19  [ 0011010100110100, 0011101110101001 ]
22  [ 0011011001010100, 0011101000111011 ]
23  [ 0011100010011101, 0010111000110001 ]
Thread 2
2  [ 0011101101010100, 0011001000100011 ]
3  [ 0011100100010110, 0011010000011010 ]
4  [ 0100010100010011, 0100010001000110 ]
5  [ 0100010011000111, 0100010101001101 ]
6  [ 0100010011011010, 0100010000001010 ]
7  [ 0100010111111011, 0100011000000111 ]
8  [ 0011100101111000, 0011100110100010 ]
9  [ 0011011100010100, 0010010100000011 ]
10  [ 0011010101001011, 0011011011001010 ]
11  [ 0011010001010011, 0011001001001110 ]
12  [ 0010100110110001, 0011101000001010 ]
13  [ 0011001111000101, 0011011100010100 ]
14  [ 0011100110000001, 0011010110111111 ]
15  [ 0011100111100100, 0011011001010001 ]
16  [ 0011101010100111, 0011011111010110 ]
17  [ 0011100110010110, 0011100100101000 ]
18  [ 0011100111011000, 0011100011001010 ]
19  [ 0010111011000011, 0011001110110100 ]
22  [ 0011010111100001, 0011100110111000 ]
23  [ 0011000111011011, 0011101010001100 ]
Thread 3
2  [ 0001010010110111, 0011100111101000 ]
3  [ 0011101110010000, 0011100011101000 ]
4  [ 0100010110010110, 0100010010111110 ]
5  [ 0100010000011100, 0100011010110000 ]
6  [ 0100010101100111, 0100010111001111 ]
7  [ 0100011000111100, 0100010101011010 ]
8  [ 0011011000001010, 0011001011101010 ]
9  [ 0011101001010011, 0011101110011000 ]
10  [ 0011010100111110, 0011100101011111 ]
11  [ 0011011100000101, 0011101010101011 ]
12  [ 0011101010010011, 0011011011100001 ]
13  [ 0011101100011010, 0011011001000010 ]
14  [ 0011101000100111, 0011011001011001 ]
15  [ 0011101001111000, 0011101000001010 ]
16  [ 0011101001101101, 0011010101101111 ]
17  [ 0011100101010101, 0011011000000101 ]
18  [ 0011010110000001, 0011011110001001 ]
19  [ 0011100011100011, 0011100101101001 ]
22  [ 0011101111100111, 0011101100111011 ]
23  [ 0011001110101110, 0011101010001010 ]
Thread 4
2  [ 0011010100101001, 0011001000001010 ]
3  [ 0011100011011100, 0011010100010111 ]
4  [ 0100010001010101, 0100001101011101 ]
5  [ 0100001010110000, 0100010010100111 ]
6  [ 0100001110111110, 0100010001111000 ]
7  [ 0100010000100010, 0100010101000111 ]
8  [ 0011011001111001, 0011011100101101 ]
9  [ 0011010111011010, 0011101000011100 ]
10  [ 0011100100000110, 0011101000101101 ]
11  [ 0011101101110110, 0011101111001000 ]
12  [ 0011100001011010, 0011100111000101 ]
13  [ 0011100000101110, 0011101111110011 ]
14  [ 0011001011111111, 0010111011000101 ]
15  [ 0010111100000101, 0010110000010010 ]
16  [ 0011100101000001, 0011010001001110 ]
17  [ 0010100000101100, 0011100010110111 ]
18  [ 0011101010001011, 0010110001100111 ]
19  [ 0011000011101011, 0011010000010100 ]
22  [ 0010111001010001, 0010011111010010 ]
23  [ 0011101111010100, 0011101111001001 ]
Thread 5
2  [ 0011101001000111, 0011010010011010 ]
3  [ 0011011100110100, 0010111110100001 ]
4  [ 0100010001101111, 0100001111010001 ]
5  [ 0100001110000110, 0100010001000000 ]
6  [ 0100010011111000, 0100001110010000 ]
7  [ 0100010100011111, 0100010101011100 ]
8  [ 0011011001001100, 0011100101011111 ]
9  [ 0011100111101110, 0011100000101001 ]
10  [ 0011010110010000, 0011000011001101 ]
11  [ 0011100010110000, 0011010000110010 ]
12  [ 0011001000100101, 0011000001110010 ]
13  [ 0011100110010010, 0010111000000001 ]
14  [ 0011100000110100, 0011100000111110 ]
15  [ 0011101011100100, 0011011111000010 ]
16  [ 0011100100000110, 0011011011000100 ]
17  [ 0011100001111101, 0011001100111101 ]
18  [ 0011010000101100, 0011010100011101 ]
19  [ 0011010001111111, 0011001100101011 ]
22  [ 0011010000110001, 0011100111110100 ]
23  [ 0011100110110100, 0011100100110001 ]
Thread 6
2  [ 0011011110001011, 0010110111010101 ]
3  [ 0011011101010111, 0011101110000101 ]
4  [ 0100010101111011, 0100010010100011 ]
5  [ 0100010001001100, 0100010110011010 ]
6  [ 0100010100000101, 0100010011110100 ]
7  [ 0100011000110010, 0100010101111111 ]
8  [ 0011100101111000, 0011100110100010 ]
9  [ 0011011100010100, 0010010100000011 ]
10  [ 0011010101001011, 0011011011001010 ]
11  [ 0011010001010011, 0011001001001110 ]
12  [ 0010100110110001, 0011101000001010 ]
13  [ 0011001111000101, 0011011100010100 ]
14  [ 0011100110000001, 0011010110111111 ]
15  [ 0011100111100100, 0011011001010001 ]
16  [ 0011010010101100, 0011100001100010 ]
17  [ 0011101100001110, 0011011000100111 ]
18  [ 0011100011000001, 0011100000111111 ]
19  [ 0011011100001011, 0011100101011000 ]
22  [ 0011010101011110, 0011100000000000 ]
23  [ 0011100000000001, 0011101001100111 ]
Thread 7
2  [ 0010100010010100, 0011100010011100 ]
3  [ 0011100101001100, 0011100100101010 ]
4  [ 0100010011011100, 0100010000100100 ]
5  [ 0100001100101110, 0100011000110010 ]
6  [ 0100010110010111, 0100010010010100 ]
7  [ 0100010110011011, 0100010011011101 ]
8  [ 0011011000001010, 0011001011101010 ]
9  [ 0011101001010011, 0011101110011000 ]
10  [ 0011010100111110, 0011100101011111 ]
11  [ 0011011100000101, 0011101010101011 ]
12  [ 0011101010010011, 0011011011100001 ]
13  [ 0011101100011010, 0011011001000010 ]
14  [ 0011101000100111, 0011011001011001 ]
15  [ 0011101001111000, 0011101000001010 ]
16  [ 0011011011101000, 0011101110001011 ]
17  [ 0011100101011010, 0011100010101010 ]
18  [ 0010010111000011, 0011100100111100 ]
19  [ 0011100000111000, 0011101011000001 ]
22  [ 0011100101110000, 0011011110101110 ]
23  [ 0011011110001010, 0011011101000011 ]
Thread 8
2  [ 0011100011010001, 0011010101110101 ]
3  [ 0011100100101110, 0011101010111100 ]
4  [ 0100001010010110, 0100010001111010 ]
5  [ 0100010101100100, 0100010000010110 ]
6  [ 0100010100101000, 0100010001010111 ]
7  [ 0100001011011010, 0100010001000000 ]
8  [ 0010111111100001, 0011001010010011 ]
9  [ 0011000010110000, 0011001000001101 ]
10  [ 0010100101110110, 0011100100010101 ]
11  [ 0011010010000011, 0011100001001111 ]
12  [ 0011100001101011, 0011100100001010 ]
13  [ 0010100000011000, 0011100011101011 ]
14  [ 0011010111001100, 0010101001010111 ]
15  [ 0011011111010101, 0011001000101001 ]
16  [ 0011000110001100, 0011010111110101 ]
17  [ 0011100101010101, 0011000100000001 ]
18  [ 0011101010011000, 0011011011000100 ]
19  [ 0011100001000000, 0011100100011010 ]
22  [ 0011100101101111, 0011011111101000 ]
23  [ 0011101001110010, 0011100000101100 ]
Thread 9
2  [ 0011011000110000, 0011100011011100 ]
3  [ 0011100101101111, 0011101010101010 ]
4  [ 0100001000110000, 0100010100110110 ]
5  [ 0100010111011101, 0100010001111001 ]
6  [ 0100010101000001, 0100010001110000 ]
7  [ 0100001011111100, 0100010100100011 ]
8  [ 0011010001010011, 0011001010101100 ]
9  [ 0011100010000101, 0011100100011111 ]
10  [ 0011011010101100, 0011001010010111 ]
11  [ 0011101110010101, 0010110101000001 ]
12  [ 0011100110010000, 0011011111111100 ]
13  [ 0011100001001001, 0011011100011111 ]
14  [ 0010111111101111, 0011011111011001 ]
15  [ 0011101011010011, 0011101011111110 ]
16  [ 0011011001000001, 0011001001010111 ]
17  [ 0011100001010000, 0011101011011000 ]
18  [ 0011101111011100, 0010111000001000 ]
19  [ 0011010100110100, 0011101110101001 ]
22  [ 0011011001010100, 0011101000111011 ]
23  [ 0011100010011101, 0010111000110001 ]
Thread 10
2  [ 0011101101010100, 0011001000100011 ]
3  [ 0011100100010110, 0011010000011010 ]
4  [ 0100000110111110, 0100010100001000 ]
5  [ 0100010100000100, 0100001111010001 ]
6  [ 0100010011011101, 0100010001101011 ]
7  [ 0100001000011100, 0100001111011100 ]
8  [ 0011100111100111, 0010110000001111 ]
9  [ 0011101011100010, 0011101101111010 ]
10  [ 0011101111100000, 0011101011011111 ]
11  [ 0011101001001001, 0011100000011011 ]
12  [ 0010111011000100, 0011000010001100 ]
13  [ 0011000101010100, 0011100011111000 ]
14  [ 0011100010010111, 0010101010101010 ]
15  [ 0011101101110011, 0011100111010100 ]
16  [ 0011101010100111, 0011011111010110 ]
17  [ 0011100110010110, 0011100100101000 ]
18  [ 0011100111011000, 0011100011001010 ]
19  [ 0010111011000011, 0011001110110100 ]
22  [ 0011010111100001, 0011100110111000 ]
23  [ 0011000111011011, 0011101010001100 ]
Thread 11
2  [ 0001010010110111, 0011100111101000 ]
3  [ 0011101110010000, 0011100011101000 ]
4  [ 0100010001100000, 0100010100110110 ]
5  [ 0100010101010000, 0100010000101000 ]
6  [ 0100010101011100, 0100010001000111 ]
7  [ 0100010000110000, 0100010011011001 ]
8  [ 0011011101111001, 0011100100110000 ]
9  [ 0010011001110101, 0011101010111101 ]
10  [ 0011100001111001, 0011101011010101 ]
11  [ 0011010110010001, 0011011100100011 ]
12  [ 0011000110101111, 0011011001100001 ]
13  [ 0011000001001001, 0010011111101000 ]
14  [ 0011101110000011, 0011010011010010 ]
15  [ 0011010010111011, 0011010101010100 ]
16  [ 0011101001101101, 0011010101101111 ]
17  [ 0011100101010101, 0011011000000101 ]
18  [ 0011010110000001, 0011011110001001 ]
19  [ 0011100011100011, 0011100101101001 ]
22  [ 0011101111100111, 0011101100111011 ]
23  [ 0011001110101110, 0011101010001010 ]
Thread 12
2  [ 0011010100101001, 0011001000001010 ]
3  [ 0011100011011100, 0011010100010111 ]
4  [ 0011111101001000, 0100001101001111 ]
5  [ 0100010010101011, 0100001010101000 ]
6  [ 0100001110000010, 0100001100110101 ]
7  [ 0100000101000100, 0100000110001000 ]
8  [ 0010111111100001, 0011001010010011 ]
9  [ 0011000010110000, 0011001000001101 ]
10  [ 0010100101110110, 0011100100010101 ]
11  [ 0011010010000011, 0011100001001111 ]
12  [ 0011100001101011, 0011100100001010 ]
13  [ 0010100000011000, 0011100011101011 ]
14  [ 0011010111001100, 0010101001010111 ]
15  [ 0011011111010101, 0011001000101001 ]
16  [ 0011100101000001, 0011010001001110 ]
17  [ 0010100000101100, 0011100010110111 ]
18  [ 0011101010001011, 0010110001100111 ]
19  [ 0011000011101011, 0011010000010100 ]
22  [ 0010111001010001, 0010011111010010 ]
23  [ 0011101111010100, 0011101111001001 ]
Thread 13
2  [ 0011101001000111, 0011010010011010 ]
3  [ 0011011100110100, 0010111110100001 ]
4  [ 0100000111000000, 0100001110010010 ]
5  [ 0100010001001000, 0100001010110101 ]
6  [ 0100010000000110, 0100001101100010 ]
7  [ 0100000100000010, 0100001110010000 ]
8  [ 0011010001010011, 0011001010101100 ]
9  [ 0011100010000101, 0011100100011111 ]
10  [ 0011011010101100, 0011001010010111 ]
11  [ 0011101110010101, 0010110101000001 ]
12  [ 0011100110010000, 0011011111111100 ]
13  [ 0011100001001001, 0011011100011111 ]
14  [ 0010111111101111, 0011011111011001 ]
15  [ 0011101011010011, 0011101011111110 ]
16  [ 0011100100000110, 0011011011000100 ]
17  [ 0011100001111101, 0011001100111101 ]
18  [ 0011010000101100, 0011010100011101 ]
19  [ 0011010001111111, 0011001100101011 ]
22  [ 0011010000110001, 0011100111110100 ]
23  [ 0011100110110100, 0011100100110001 ]
Thread 14
2  [ 0011011110001011, 0010110111010101 ]
3  [ 0011011101010111, 0011101110000101 ]
4  [ 0100001001000110, 0100010001111010 ]
5  [ 0100010100010110, 0100001111111110 ]
6  [ 0100010000111110, 0100010000000110 ]
7  [ 0100001010010101, 0100010000011000 ]
8  [ 0011100111100111, 0010110000001111 ]
9  [ 0011101011100010, 0011101101111010 ]
10  [ 0011101111100000, 0011101011011111 ]
11  [ 0011101001001001, 0011100000011011 ]
12  [ 0010111011000100, 0011000010001100 ]
13  [ 0011000101010100, 0011100011111000 ]
14  [ 0011100010010111, 0010101010101010 ]
15  [ 0011101101110011, 0011100111010100 ]
16  [ 0011010010101100, 0011100001100010 ]
17  [ 0011101100001110, 0011011000100111 ]
18  [ 0011100011000001, 0011100000111111 ]
19  [ 0011011100001011, 0011100101011000 ]
22  [ 0011010101011110, 0011100000000000 ]
23  [ 0011100000000001, 0011101001100111 ]
Thread 15
2  [ 0010100010010100, 0011100010011100 ]
3  [ 0011100101001100, 0011100100101010 ]
4  [ 0100001111000000, 0100010100000010 ]
5  [ 0100010101001011, 0100001110100000 ]
6  [ 0100010100111000, 0100001110010010 ]
7  [ 0100000110010010, 0100010010011010 ]
8  [ 0011011101111001, 0011100100110000 ]
9  [ 0010011001110101, 0011101010111101 ]
10  [ 0011100001111001, 0011101011010101 ]
11  [ 0011010110010001, 0011011100100011 ]
12  [ 0011000110101111, 0011011001100001 ]
13  [ 0011000001001001, 0010011111101000 ]
14  [ 0011101110000011, 0011010011010010 ]
15  [ 0011010010111011, 0011010101010100 ]
16  [ 0011011011101000, 0011101110001011 ]
17  [ 0011100101011010, 0011100010101010 ]
18  [ 0010010111000011, 0011100100111100 ]
19  [ 0011100000111000, 0011101011000001 ]
22  [ 0011100101110000, 0011011110101110 ]
23  [ 0011011110001010, 0011011101000011 ]
Thread 16
2  [ 0011011101100110, 0011001111000101 ]
3  [ 0011001010110000, 0011100010101000 ]
4  [ 0100010001010101, 0100001100110011 ]
5  [ 0100001100101011, 0100010100100011 ]
6  [ 0100010100000110, 0100010011010101 ]
7  [ 0100010101011100, 0100010100001010 ]
8  [ 0011001001100101, 0011011010000011 ]
9  [ 0011100111111101, 0011101010011011 ]
10  [ 0011101001010010, 0011010100011001 ]
11  [ 0011100001000110, 0010110111000010 ]
12  [ 0011101000100111, 0011000101011010 ]
13  [ 0011101011100101, 0011101111101011 ]
14  [ 0011100000011110, 0011101100010011 ]
15  [ 0011100010110100, 0011000011110100 ]
16  [ 0010101110111110, 0011101110011101 ]
17  [ 0011000110110011, 0011001000011100 ]
18  [ 0011100010101100, 0011100110010001 ]
19  [ 0011101000111011, 0011010010100000 ]
22  [ 0010100011010101, 0011101100100001 ]
23  [ 0011101100011000, 0011100111001000 ]
Thread 17
2  [ 0011011011001010, 0011101101010111 ]
3  [ 0011100110101101, 0011100001010011 ]
4  [ 0100010011111000, 0100001011010100 ]
5  [ 0100001011110001, 0100010100011010 ]
6  [ 0100010001100101, 0100010010010100 ]
7  [ 0100010001010010, 0100010001110100 ]
8  [ 0011101011001110, 0011100001111100 ]
9  [ 0011101101110000, 0011100110010011 ]
10  [ 0011100010101010, 0011101010000110 ]
11  [ 0011101100001000, 0011101111101001 ]
12  [ 0010111100100110, 0011000001011101 ]
13  [ 0011100101101110, 0011011111101100 ]
14  [ 0011001000010010, 0011011111101100 ]
15  [ 0011000010111001, 0010101100001001 ]
16  [ 0011011001100011, 0011101101011101 ]
17  [ 0011000000011001, 0011011011011010 ]
18  [ 0010111011100110, 0011100110011001 ]
19  [ 0011011011000110, 0011100101100000 ]
22  [ 0011101100010101, 0011010101011001 ]
23  [ 0010011101010111, 0011000011001100 ]
Thread 18
2  [ 0011011101100000, 0011010001001110 ]
3  [ 0011001110001111, 0011101011110110 ]
4  [ 0100010110001111, 0100010001100111 ]
5  [ 0100010000111110, 0100010111101011 ]
6  [ 0100010100000110, 0100010100110110 ]
7  [ 0100010110101011, 0100010101010000 ]
8  [ 0011011111111000, 0011101100110101 ]
9  [ 0011100010011001, 0011101011000011 ]
10  [ 0011100111101001, 0011100010110000 ]
11  [ 0011001111100101, 0011100101010101 ]
12  [ 0001000001001000, 0011101011101100 ]
13  [ 0011100011100111, 0011101111101011 ]
14  [ 0011100000111001, 0011011110101100 ]
15  [ 0011101001101001, 0011001101001010 ]
16  [ 0011100000110111, 0010101010111110 ]
17  [ 0011101111111110, 0011011110110110 ]
18  [ 0011101101000000, 0011100100011100 ]
19  [ 0010110111010000, 0011100110010000 ]
22  [ 0011101101001110, 0011100110010111 ]
23  [ 0011011111010111, 0011100101000111 ]
Thread 19
2  [ 0011101000101001, 0011101000100000 ]
3  [ 0010111110100100, 0011010000111101 ]
4  [ 0100001110111011, 0100000110001010 ]
5  [ 0100001001111100, 0100001101011000 ]
6  [ 0100001110001110, 0100001111101000 ]
7  [ 0100001011100000, 0100010001000101 ]
8  [ 0011101101101101, 0011100010100100 ]
9  [ 0010010001011001, 0010111110111100 ]
10  [ 0011101011100111, 0011011111000000 ]
11  [ 0011101011000010, 0011001010110011 ]
12  [ 0010110101011000, 0011100100000010 ]
13  [ 0011100101001010, 0011100111010111 ]
14  [ 0011101100100000, 0011101111011100 ]
15  [ 0011101000100111, 0011100010100111 ]
16  [ 0011011010101011, 0011100111100111 ]
17  [ 0011000101111010, 0010111110111000 ]
18  [ 0011101100001010, 0010100001001101 ]
19  [ 0011010001000011, 0010110001011010 ]
22  [ 0011101001011111, 0011001001010100 ]
23  [ 0011000101100000, 0011100000100110 ]
Thread 20
2  [ 0011000110100001, 0011100101111000 ]
3  [ 0011101000101010, 0011011110101100 ]
4  [ 0100010010010011, 0100000100001100 ]
5  [ 0100001011110000, 0100001101010100 ]
6  [ 0100001111010110, 0100010001100011 ]
7  [ 0100001111100100, 0100001110001110 ]
8  [ 0011001001100101, 0011011010000011 ]
9  [ 0011100111111101, 0011101010011011 ]
10  [ 0011101001010010, 0011010100011001 ]
11  [ 0011100001000110, 0010110111000010 ]
12  [ 0011101000100111, 0011000101011010 ]
13  [ 0011101011100101, 0011101111101011 ]
14  [ 0011100000011110, 0011101100010011 ]
15  [ 0011100010110100, 0011000011110100 ]
16  [ 0010001111101110, 0011011010101111 ]
17  [ 0011001000011000, 0011010000000111 ]
18  [ 0011011011001110, 0011011010000110 ]
19  [ 0011011101010010, 0011010110000011 ]
22  [ 0011000001011111, 0011101100111101 ]
23  [ 0010101110100010, 0011011011101011 ]
Thread 21
2  [ 0011100111000110, 0011100001011111 ]
3  [ 0011010110011010, 0011100100011101 ]
4  [ 0100011000101100, 0100010011001011 ]
5  [ 0100010101001011, 0100011100011100 ]
6  [ 0100011011010000, 0100011000011000 ]
7  [ 0100011100101100, 0100011000001111 ]
8  [ 0011101011001110, 0011100001111100 ]
9  [ 0011101101110000, 0011100110010011 ]
10  [ 0011100010101010, 0011101010000110 ]
11  [ 0011101100001000, 0011101111101001 ]
12  [ 0010111100100110, 0011000001011101 ]
13  [ 0011100101101110, 0011011111101100 ]
14  [ 0011001000010010, 0011011111101100 ]
15  [ 0011000010111001, 0010101100001001 ]
16  [ 0011101111011111, 0011101111011101 ]
17  [ 0011010111100111, 0011010010100110 ]
18  [ 0011010100000001, 0011101010001111 ]
19  [ 0011101100000001, 0011101000111111 ]
22  [ 0011100111000101, 0011100011100001 ]
23  [ 0011100101110101, 0011101010011010 ]
Thread 22
2  [ 0011011110010011, 0011011011010000 ]
3  [ 0011100101001100, 0011100001011100 ]
4  [ 0100010000000111, 0100001111011010 ]
5  [ 0100001101011010, 0100010001110010 ]
6  [ 0100001111001101, 0100010000100100 ]
7  [ 0100010000111100, 0100010010000000 ]
8  [ 0011011111111000, 0011101100110101 ]
9  [ 0011100010011001, 0011101011000011 ]
10  [ 0011100111101001, 0011100010110000 ]
11  [ 0011001111100101, 0011100101010101 ]
12  [ 0001000001001000, 0011101011101100 ]
13  [ 0011100011100111, 0011101111101011 ]
14  [ 0011100000111001, 0011011110101100 ]
15  [ 0011101001101001, 0011001101001010 ]
16  [ 0011000101011001, 0011010011010011 ]
17  [ 0011011101011111, 0011100011110000 ]
18  [ 0011000100101011, 0011100110111111 ]
19  [ 0011100000100101, 0011100101100111 ]
22  [ 0010111011010101, 0011100011110001 ]
23  [ 0010100101101110, 0010110101011000 ]
Thread 23
2  [ 0011000011100011, 0011100100101000 ]
3  [ 0011011010101001, 0011100100101110 ]
4  [ 0100001111001011, 0100010010100100 ]
5  [ 0100001110001111, 0100010011000100 ]
6  [ 0100010010100011, 0100010010100100 ]
7  [ 0100010011010100, 0100010011010000 ]
8  [ 0011101101101101, 0011100010100100 ]
9  [ 0010010001011001, 0010111110111100 ]
10  [ 0011101011100111, 0011011111000000 ]
11  [ 0011101011000010, 0011001010110011 ]
12  [ 0010110101011000, 0011100100000010 ]
13  [ 0011100101001010, 0011100111010111 ]
14  [ 0011101100100000, 0011101111011100 ]
15  [ 0011101000100111, 0011100010100111 ]
16  [ 0010111011001100, 0011100110011100 ]
17  [ 0011101111011010, 0011010000111111 ]
18  [ 0011000110111000, 0011101111000000 ]
19  [ 0011101110001101, 0001111011100000 ]
22  [ 0011100100111011, 0011101011100000 ]
23  [ 0010110010010011, 0011000001000011 ]
Thread 24
2  [ 0011011101100110, 0011001111000101 ]
3  [ 0011001010110000, 0011100010101000 ]
4  [ 0100001001010101, 0100010000101010 ]
5  [ 0100001111100100, 0100001100100100 ]
6  [ 0100001110101110, 0100010000011101 ]
7  [ 0100000111110111, 0100001000101010 ]
8  [ 0011100110101000, 0011101111111111 ]
9  [ 0011010010011011, 0011011010100010 ]
10  [ 0011011101110000, 0011101000011101 ]
11  [ 0011101010001100, 0010111001101010 ]
12  [ 0010101011110001, 0011000110101011 ]
13  [ 0011100101001101, 0011010101001011 ]
14  [ 0011101100110000, 0010111110010000 ]
15  [ 0011101111101000, 0011100001010010 ]
16  [ 0010101110111110, 0011101110011101 ]
17  [ 0011000110110011, 0011001000011100 ]
18  [ 0011100010101100, 0011100110010001 ]
19  [ 0011101000111011, 0011010010100000 ]
22  [ 0010100011010101, 0011101100100001 ]
23  [ 0011101100011000, 0011100111001000 ]
Thread 25
2  [ 0011011011001010, 0011101101010111 ]
3  [ 0011100110101101, 0011100001010011 ]
4  [ 0100000101111001, 0100010000010010 ]
5  [ 0100010001101100, 0100001111001010 ]
6  [ 0100010001000001, 0100001101001010 ]
7  [ 0100000110110100, 0100010001111110 ]
8  [ 0011100101100111, 0011011101111111 ]
9  [ 0011101101001100, 0010111010101000 ]
10  [ 0011100111110111, 0011100111100100 ]
11  [ 0011100001111111, 0011000111100101 ]
12  [ 0011000110110011, 0011010111000001 ]
13  [ 0010101101000010, 0011100000101101 ]
14  [ 0011010101100000, 0011000110011111 ]
15  [ 0011001010110000, 0011101100111110 ]
16  [ 0011011001100011, 0011101101011101 ]
17  [ 0011000000011001, 0011011011011010 ]
18  [ 0010111011100110, 0011100110011001 ]
19  [ 0011011011000110, 0011100101100000 ]
22  [ 0011101100010101, 0011010101011001 ]
23  [ 0010011101010111, 0011000011001100 ]
Thread 26
2  [ 0011011101100000, 0011010001001110 ]
3  [ 0011001110001111, 0011101011110110 ]
4  [ 0100001100000110, 0100010011011010 ]
5  [ 0100010110101110, 0100010000001010 ]
6  [ 0100010100100011, 0100001100101010 ]
7  [ 0100000101101101, 0100010110010100 ]
8  [ 0011011100010001, 0010001011001101 ]
9  [ 0011101100101101, 0011001001001011 ]
10  [ 0010110111111010, 0011010011101011 ]
11  [ 0011011101001100, 0010111010000010 ]
12  [ 0011100011000111, 0011010011001101 ]
13  [ 0011000001001011, 0011001011001110 ]
14  [ 0011101100101001, 0010110010010011 ]
15  [ 0011001111000010, 0010101011100001 ]
16  [ 0011100000110111, 0010101010111110 ]
17  [ 0011101111111110, 0011011110110110 ]
18  [ 0011101101000000, 0011100100011100 ]
19  [ 0010110111010000, 0011100110010000 ]
22  [ 0011101101001110, 0011100110010111 ]
23  [ 0011011111010111, 0011100101000111 ]
Thread 27
2  [ 0011101000101001, 0011101000100000 ]
3  [ 0010111110100100, 0011010000111101 ]
4  [ 0100000011100010, 0100001100001100 ]
5  [ 0100010010001001, 0100001010111101 ]
6  [ 0100001010011010, 0100001110010100 ]
7  [ 0100001000010100, 0100001110100010 ]
8  [ 0011100100001100, 0010110111000001 ]
9  [ 0010110100101101, 0011101000111000 ]
10  [ 0011101100111110, 0011100001000101 ]
11  [ 0010111011111100, 0011101010011011 ]
12  [ 0011101111110111, 0011010101010000 ]
13  [ 0011010011000010, 0010101111110001 ]
14  [ 0011010011000110, 0010100111101111 ]
15  [ 0011100000001011, 0011101000010111 ]
16  [ 0011011010101011, 0011100111100111 ]
17  [ 0011000101111010, 0010111110111000 ]
18  [ 0011101100001010, 0010100001001101 ]
19  [ 0011010001000011, 0010110001011010 ]
22  [ 0011101001011111, 0011001001010100 ]
23  [ 0011000101100000, 0011100000100110 ]
Thread 28
2  [ 0011000110100001, 0011100101111000 ]
3  [ 0011101000101010, 0011011110101100 ]
4  [ 0100000101010111, 0100001011100100 ]
5  [ 0100010000111110, 0100001100100100 ]
6  [ 0100001101010000, 0100001011001111 ]
7  [ 0100000100000100, 0100000101000011 ]
8  [ 0011100110101000, 0011101111111111 ]
9  [ 0011010010011011, 0011011010100010 ]
10  [ 0011011101110000, 0011101000011101 ]
11  [ 0011101010001100, 0010111001101010 ]
12  [ 0010101011110001, 0011000110101011 ]
13  [ 0011100101001101, 0011010101001011 ]
14  [ 0011101100110000, 0010111110010000 ]
15  [ 0011101111101000, 0011100001010010 ]
16  [ 0010001111101110, 0011011010101111 ]
17  [ 0011001000011000, 0011010000000111 ]
18  [ 0011011011001110, 0011011010000110 ]
19  [ 0011011101010010, 0011010110000011 ]
22  [ 0011000001011111, 0011101100111101 ]
23  [ 0010101110100010, 0011011011101011 ]
Thread 29
2  [ 0011100111000110, 0011100001011111 ]
3  [ 0011010110011010, 0011100100011101 ]
4  [ 0100001111000001, 0100010100011110 ]
5  [ 0100011001000000, 0100010100010111 ]
6  [ 0100011000001100, 0100010100110101 ]
7  [ 0100010000010111, 0100010011000001 ]
8  [ 0011100101100111, 0011011101111111 ]
9  [ 0011101101001100, 0010111010101000 ]
10  [ 0011100111110111, 0011100111100100 ]
11  [ 0011100001111111, 0011000111100101 ]
12  [ 0011000110110011, 0011010111000001 ]
13  [ 0010101101000010, 0011100000101101 ]
14  [ 0011010101100000, 0011000110011111 ]
15  [ 0011001010110000, 0011101100111110 ]
16  [ 0011101111011111, 0011101111011101 ]
17  [ 0011010111100111, 0011010010100110 ]
18  [ 0011010100000001, 0011101010001111 ]
19  [ 0011101100000001, 0011101000111111 ]
22  [ 0011100111000101, 0011100011100001 ]
23  [ 0011100101110101, 0011101010011010 ]
Thread 30
2  [ 0011011110010011, 0011011011010000 ]
3  [ 0011100101001100, 0011100001011100 ]
4  [ 0100000001101111, 0100001111110100 ]
5  [ 0100010011000100, 0100001110001001 ]
6  [ 0100001101101101, 0100001011111110 ]
7  [ 0100000001100000, 0100001000110000 ]
8  [ 0011011100010001, 0010001011001101 ]
9  [ 0011101100101101, 0011001001001011 ]
10  [ 0010110111111010, 0011010011101011 ]
11  [ 0011011101001100, 0010111010000010 ]
12  [ 0011100011000111, 0011010011001101 ]
13  [ 0011000001001011, 0011001011001110 ]
14  [ 0011101100101001, 0010110010010011 ]
15  [ 0011001111000010, 0010101011100001 ]
16  [ 0011000101011001, 0011010011010011 ]
17  [ 0011011101011111, 0011100011110000 ]
18  [ 0011000100101011, 0011100110111111 ]
19  [ 0011100000100101, 0011100101100111 ]
22  [ 0010111011010101, 0011100011110001 ]
23  [ 0010100101101110, 0010110101011000 ]
Thread 31
2  [ 0011000011100011, 0011100100101000 ]
3  [ 0011011010101001, 0011100100101110 ]
4  [ 0100001001101110, 0100010010010100 ]
5  [ 0100001111110001, 0100001000000101 ]
6  [ 0100010011010101, 0100010001001100 ]
7  [ 0100000101000101, 0100001101101101 ]
8  [ 0011100100001100, 0010110111000001 ]
9  [ 0010110100101101, 0011101000111000 ]
10  [ 0011101100111110, 0011100001000101 ]
11  [ 0010111011111100, 0011101010011011 ]
12  [ 0011101111110111, 0011010101010000 ]
13  [ 0011010011000010, 0010101111110001 ]
14  [ 0011010011000110, 0010100111101111 ]
15  [ 0011100000001011, 0011101000010111 ]
16  [ 0010111011001100, 0011100110011100 ]
17  [ 0011101111011010, 0011010000111111 ]
18  [ 0011000110111000, 0011101111000000 ]
19  [ 0011101110001101, 0001111011100000 ]
22  [ 0011100100111011, 0011101011100000 ]
23  [ 0010110010010011, 0011000001000011 ]
