Thread 0
2 [ 0.60205078125, 0.341064453125 ] 
3 [ 0.6474609375, 0.841796875 ] 
4 [ 0.338134765625, 0.7802734375 ] 
5 [ 0.68359375, 0.366455078125 ] 
6 [ 0.78173828125, 0.4326171875 ] 
7 [ 0.059417724609375, 0.09857177734375 ] 
8 [ 0.404541015625, 0.448486328125 ] 
9 [ 0.36572265625, 0.763671875 ] 
10 [ 0.6279296875, 0.77197265625 ] 
11 [ 0.9326171875, 0.97265625 ] 
12 [ 0.5439453125, 0.72119140625 ] 
13 [ 0.5224609375, 0.99365234375 ] 
14 [ 0.2186279296875, 0.10577392578125 ] 
15 [ 0.10968017578125, 0.0635986328125 ] 
16 [ 0.17333984375, 0.372314453125 ] 
17 [ 0.66650390625, 0.1563720703125 ] 
18 [ 0.82421875, 0.4228515625 ] 
19 [ 0.53125, 0.6376953125 ] 
22 [ 0.67919921875, 0.494140625 ] 
23 [ 0.8056640625, 0.521484375 ] 
Thread 1
2 [ 0.38671875, 0.607421875 ] 
3 [ 0.67919921875, 0.8330078125 ] 
4 [ 0.2939453125, 0.337646484375 ] 
5 [ 0.132080078125, 0.369140625 ] 
6 [ 0.1005859375, 0.6552734375 ] 
7 [ 0.31591796875, 0.1419677734375 ] 
8 [ 0.3935546875, 0.67138671875 ] 
9 [ 0.7412109375, 0.52001953125 ] 
10 [ 0.34765625, 0.1500244140625 ] 
11 [ 0.5859375, 0.26220703125 ] 
12 [ 0.1920166015625, 0.138916015625 ] 
13 [ 0.6962890625, 0.09381103515625 ] 
14 [ 0.525390625, 0.5302734375 ] 
15 [ 0.861328125, 0.48486328125 ] 
16 [ 0.390869140625, 0.1981201171875 ] 
17 [ 0.5390625, 0.85546875 ] 
18 [ 0.982421875, 0.09423828125 ] 
19 [ 0.3251953125, 0.95751953125 ] 
22 [ 0.3955078125, 0.77880859375 ] 
23 [ 0.57666015625, 0.09674072265625 ] 
Thread 2
2 [ 0.916015625, 0.1917724609375 ] 
3 [ 0.6357421875, 0.25634765625 ] 
4 [ 0.74609375, 0.60791015625 ] 
5 [ 0.72265625, 0.68505859375 ] 
6 [ 0.2939453125, 0.1097412109375 ] 
7 [ 0.77294921875, 0.168212890625 ] 
8 [ 0.68359375, 0.7041015625 ] 
9 [ 0.4423828125, 0.0195770263671875 ] 
10 [ 0.330810546875, 0.42431640625 ] 
11 [ 0.270263671875, 0.197021484375 ] 
12 [ 0.044464111328125, 0.7548828125 ] 
13 [ 0.2427978515625, 0.4423828125 ] 
14 [ 0.68798828125, 0.359130859375 ] 
15 [ 0.736328125, 0.394775390625 ] 
16 [ 0.83154296875, 0.48974609375 ] 
17 [ 0.6982421875, 0.64453125 ] 
18 [ 0.73046875, 0.5986328125 ] 
19 [ 0.10565185546875, 0.24072265625 ] 
22 [ 0.367431640625, 0.71484375 ] 
23 [ 0.1829833984375, 0.818359375 ] 
Thread 3
2 [ 0.0011510848999023438, 0.73828125 ] 
3 [ 0.9453125, 0.61328125 ] 
4 [ 0.01033782958984375, 0.7412109375 ] 
5 [ 0.1103515625, 0.59814453125 ] 
6 [ 0.2374267578125, 0.93359375 ] 
7 [ 0.6962890625, 0.1962890625 ] 
8 [ 0.37744140625, 0.216064453125 ] 
9 [ 0.79052734375, 0.94921875 ] 
10 [ 0.32763671875, 0.67138671875 ] 
11 [ 0.438720703125, 0.83349609375 ] 
12 [ 0.82177734375, 0.429931640625 ] 
13 [ 0.8876953125, 0.39111328125 ] 
14 [ 0.76904296875, 0.396728515625 ] 
15 [ 0.80859375, 0.7548828125 ] 
16 [ 0.80322265625, 0.339599609375 ] 
17 [ 0.66650390625, 0.376220703125 ] 
18 [ 0.343994140625, 0.470947265625 ] 
19 [ 0.61083984375, 0.67626953125 ] 
22 [ 0.98779296875, 0.90380859375 ] 
23 [ 0.239990234375, 0.8173828125 ] 
Thread 4
2 [ 0.322509765625, 0.188720703125 ] 
3 [ 0.607421875, 0.318115234375 ] 
4 [ 0.7294921875, 0.890625 ] 
5 [ 0.7490234375, 0.77197265625 ] 
6 [ 0.1123046875, 0.76904296875 ] 
7 [ 0.423095703125, 0.89306640625 ] 
8 [ 0.404541015625, 0.448486328125 ] 
9 [ 0.36572265625, 0.763671875 ] 
10 [ 0.6279296875, 0.77197265625 ] 
11 [ 0.9326171875, 0.97265625 ] 
12 [ 0.5439453125, 0.72119140625 ] 
13 [ 0.5224609375, 0.99365234375 ] 
14 [ 0.2186279296875, 0.10577392578125 ] 
15 [ 0.10968017578125, 0.0635986328125 ] 
16 [ 0.65673828125, 0.26904296875 ] 
17 [ 0.0325927734375, 0.58935546875 ] 
18 [ 0.81787109375, 0.06878662109375 ] 
19 [ 0.1536865234375, 0.2548828125 ] 
22 [ 0.09869384765625, 0.030548095703125 ] 
23 [ 0.978515625, 0.97314453125 ] 
Thread 5
2 [ 0.78466796875, 0.28759765625 ] 
3 [ 0.4501953125, 0.11920166015625 ] 
4 [ 0.70703125, 0.798828125 ] 
5 [ 0.5830078125, 0.2056884765625 ] 
6 [ 0.78466796875, 0.39599609375 ] 
7 [ 0.65576171875, 0.703125 ] 
8 [ 0.3935546875, 0.67138671875 ] 
9 [ 0.7412109375, 0.52001953125 ] 
10 [ 0.34765625, 0.1500244140625 ] 
11 [ 0.5859375, 0.26220703125 ] 
12 [ 0.1920166015625, 0.138916015625 ] 
13 [ 0.6962890625, 0.09381103515625 ] 
14 [ 0.525390625, 0.5302734375 ] 
15 [ 0.861328125, 0.48486328125 ] 
16 [ 0.6279296875, 0.4228515625 ] 
17 [ 0.56103515625, 0.2261962890625 ] 
18 [ 0.2607421875, 0.319580078125 ] 
19 [ 0.281005859375, 0.2239990234375 ] 
22 [ 0.261962890625, 0.744140625 ] 
23 [ 0.712890625, 0.64892578125 ] 
Thread 6
2 [ 0.471435546875, 0.09112548828125 ] 
3 [ 0.458740234375, 0.93994140625 ] 
4 [ 0.78125, 0.734375 ] 
5 [ 0.740234375, 0.38818359375 ] 
6 [ 0.29150390625, 0.27294921875 ] 
7 [ 0.72314453125, 0.5556640625 ] 
8 [ 0.68359375, 0.7041015625 ] 
9 [ 0.4423828125, 0.0195770263671875 ] 
10 [ 0.330810546875, 0.42431640625 ] 
11 [ 0.270263671875, 0.197021484375 ] 
12 [ 0.044464111328125, 0.7548828125 ] 
13 [ 0.2427978515625, 0.4423828125 ] 
14 [ 0.68798828125, 0.359130859375 ] 
15 [ 0.736328125, 0.394775390625 ] 
16 [ 0.2919921875, 0.5478515625 ] 
17 [ 0.8818359375, 0.384521484375 ] 
18 [ 0.59423828125, 0.53076171875 ] 
19 [ 0.440185546875, 0.66796875 ] 
22 [ 0.33544921875, 0.5 ] 
23 [ 0.50048828125, 0.80029296875 ] 
Thread 7
2 [ 0.0357666015625, 0.576171875 ] 
3 [ 0.662109375, 0.6455078125 ] 
4 [ 0.2880859375, 0.05133056640625 ] 
5 [ 0.23486328125, 0.5517578125 ] 
6 [ 0.603515625, 0.0372314453125 ] 
7 [ 0.53125, 0.1844482421875 ] 
8 [ 0.37744140625, 0.216064453125 ] 
9 [ 0.79052734375, 0.94921875 ] 
10 [ 0.32763671875, 0.67138671875 ] 
11 [ 0.438720703125, 0.83349609375 ] 
12 [ 0.82177734375, 0.429931640625 ] 
13 [ 0.8876953125, 0.39111328125 ] 
14 [ 0.76904296875, 0.396728515625 ] 
15 [ 0.80859375, 0.7548828125 ] 
16 [ 0.431640625, 0.94287109375 ] 
17 [ 0.6689453125, 0.5830078125 ] 
18 [ 0.0225067138671875, 0.654296875 ] 
19 [ 0.52734375, 0.84423828125 ] 
22 [ 0.6796875, 0.47998046875 ] 
23 [ 0.47119140625, 0.453857421875 ] 
Thread 8
2 [ 0.60205078125, 0.341064453125 ] 
3 [ 0.6474609375, 0.841796875 ] 
4 [ 0.5576171875, 0.1611328125 ] 
5 [ 0.42431640625, 0.681640625 ] 
6 [ 0.80908203125, 0.79443359375 ] 
7 [ 0.7890625, 0.0251312255859375 ] 
8 [ 0.12310791015625, 0.2054443359375 ] 
9 [ 0.146484375, 0.1890869140625 ] 
10 [ 0.04266357421875, 0.63525390625 ] 
11 [ 0.281982421875, 0.53857421875 ] 
12 [ 0.55224609375, 0.6298828125 ] 
13 [ 0.031982421875, 0.61474609375 ] 
14 [ 0.3623046875, 0.049530029296875 ] 
15 [ 0.489501953125, 0.1925048828125 ] 
16 [ 0.17333984375, 0.372314453125 ] 
17 [ 0.66650390625, 0.1563720703125 ] 
18 [ 0.82421875, 0.4228515625 ] 
19 [ 0.53125, 0.6376953125 ] 
22 [ 0.67919921875, 0.494140625 ] 
23 [ 0.8056640625, 0.521484375 ] 
Thread 9
2 [ 0.38671875, 0.607421875 ] 
3 [ 0.67919921875, 0.8330078125 ] 
4 [ 0.3134765625, 0.75830078125 ] 
5 [ 0.429443359375, 0.46337890625 ] 
6 [ 0.74853515625, 0.57763671875 ] 
7 [ 0.85205078125, 0.421142578125 ] 
8 [ 0.270263671875, 0.20849609375 ] 
9 [ 0.56494140625, 0.64013671875 ] 
10 [ 0.4169921875, 0.2059326171875 ] 
11 [ 0.94775390625, 0.08209228515625 ] 
12 [ 0.6953125, 0.4990234375 ] 
13 [ 0.53564453125, 0.445068359375 ] 
14 [ 0.12396240234375, 0.490478515625 ] 
15 [ 0.85302734375, 0.8740234375 ] 
16 [ 0.390869140625, 0.1981201171875 ] 
17 [ 0.5390625, 0.85546875 ] 
18 [ 0.982421875, 0.09423828125 ] 
19 [ 0.3251953125, 0.95751953125 ] 
22 [ 0.3955078125, 0.77880859375 ] 
23 [ 0.57666015625, 0.09674072265625 ] 
Thread 10
2 [ 0.916015625, 0.1917724609375 ] 
3 [ 0.6357421875, 0.25634765625 ] 
4 [ 0.166259765625, 0.87109375 ] 
5 [ 0.1248779296875, 0.212158203125 ] 
6 [ 0.12017822265625, 0.43994140625 ] 
7 [ 0.505859375, 0.18408203125 ] 
8 [ 0.73779296875, 0.06341552734375 ] 
9 [ 0.8603515625, 0.9345703125 ] 
10 [ 0.984375, 0.85888671875 ] 
11 [ 0.78564453125, 0.51318359375 ] 
12 [ 0.105712890625, 0.14208984375 ] 
13 [ 0.16650390625, 0.62109375 ] 
14 [ 0.57373046875, 0.05206298828125 ] 
15 [ 0.93115234375, 0.728515625 ] 
16 [ 0.83154296875, 0.48974609375 ] 
17 [ 0.6982421875, 0.64453125 ] 
18 [ 0.73046875, 0.5986328125 ] 
19 [ 0.10565185546875, 0.24072265625 ] 
22 [ 0.367431640625, 0.71484375 ] 
23 [ 0.1829833984375, 0.818359375 ] 
Thread 11
2 [ 0.0011510848999023438, 0.73828125 ] 
3 [ 0.9453125, 0.61328125 ] 
4 [ 0.62255859375, 0.350830078125 ] 
5 [ 0.0244293212890625, 0.0985107421875 ] 
6 [ 0.52490234375, 0.257568359375 ] 
7 [ 0.6357421875, 0.7255859375 ] 
8 [ 0.467041015625, 0.6484375 ] 
9 [ 0.0252227783203125, 0.84228515625 ] 
10 [ 0.55908203125, 0.85400390625 ] 
11 [ 0.347900390625, 0.446044921875 ] 
12 [ 0.1776123046875, 0.398681640625 ] 
13 [ 0.1339111328125, 0.0308837890625 ] 
14 [ 0.93896484375, 0.30126953125 ] 
15 [ 0.295654296875, 0.3330078125 ] 
16 [ 0.80322265625, 0.339599609375 ] 
17 [ 0.66650390625, 0.376220703125 ] 
18 [ 0.343994140625, 0.470947265625 ] 
19 [ 0.61083984375, 0.67626953125 ] 
22 [ 0.98779296875, 0.90380859375 ] 
23 [ 0.239990234375, 0.8173828125 ] 
Thread 12
2 [ 0.322509765625, 0.188720703125 ] 
3 [ 0.607421875, 0.318115234375 ] 
4 [ 0.073974609375, 0.59765625 ] 
5 [ 0.935546875, 0.89453125 ] 
6 [ 0.1807861328125, 0.67138671875 ] 
7 [ 0.63134765625, 0.1768798828125 ] 
8 [ 0.12310791015625, 0.2054443359375 ] 
9 [ 0.146484375, 0.1890869140625 ] 
10 [ 0.04266357421875, 0.63525390625 ] 
11 [ 0.281982421875, 0.53857421875 ] 
12 [ 0.55224609375, 0.6298828125 ] 
13 [ 0.031982421875, 0.61474609375 ] 
14 [ 0.3623046875, 0.049530029296875 ] 
15 [ 0.489501953125, 0.1925048828125 ] 
16 [ 0.65673828125, 0.26904296875 ] 
17 [ 0.0325927734375, 0.58935546875 ] 
18 [ 0.81787109375, 0.06878662109375 ] 
19 [ 0.1536865234375, 0.2548828125 ] 
22 [ 0.09869384765625, 0.030548095703125 ] 
23 [ 0.978515625, 0.97314453125 ] 
Thread 13
2 [ 0.78466796875, 0.28759765625 ] 
3 [ 0.4501953125, 0.11920166015625 ] 
4 [ 0.68408203125, 0.335205078125 ] 
5 [ 0.4580078125, 0.5166015625 ] 
6 [ 0.25537109375, 0.71533203125 ] 
7 [ 0.35498046875, 0.95751953125 ] 
8 [ 0.270263671875, 0.20849609375 ] 
9 [ 0.56494140625, 0.64013671875 ] 
10 [ 0.4169921875, 0.2059326171875 ] 
11 [ 0.94775390625, 0.08209228515625 ] 
12 [ 0.6953125, 0.4990234375 ] 
13 [ 0.53564453125, 0.445068359375 ] 
14 [ 0.12396240234375, 0.490478515625 ] 
15 [ 0.85302734375, 0.8740234375 ] 
16 [ 0.6279296875, 0.4228515625 ] 
17 [ 0.56103515625, 0.2261962890625 ] 
18 [ 0.2607421875, 0.319580078125 ] 
19 [ 0.281005859375, 0.2239990234375 ] 
22 [ 0.261962890625, 0.744140625 ] 
23 [ 0.712890625, 0.64892578125 ] 
Thread 14
2 [ 0.471435546875, 0.09112548828125 ] 
3 [ 0.458740234375, 0.93994140625 ] 
4 [ 0.40234375, 0.29931640625 ] 
5 [ 0.240478515625, 0.70263671875 ] 
6 [ 0.020538330078125, 0.64208984375 ] 
7 [ 0.9970703125, 0.265380859375 ] 
8 [ 0.73779296875, 0.06341552734375 ] 
9 [ 0.8603515625, 0.9345703125 ] 
10 [ 0.984375, 0.85888671875 ] 
11 [ 0.78564453125, 0.51318359375 ] 
12 [ 0.105712890625, 0.14208984375 ] 
13 [ 0.16650390625, 0.62109375 ] 
14 [ 0.57373046875, 0.05206298828125 ] 
15 [ 0.93115234375, 0.728515625 ] 
16 [ 0.2919921875, 0.5478515625 ] 
17 [ 0.8818359375, 0.384521484375 ] 
18 [ 0.59423828125, 0.53076171875 ] 
19 [ 0.440185546875, 0.66796875 ] 
22 [ 0.33544921875, 0.5 ] 
23 [ 0.50048828125, 0.80029296875 ] 
Thread 15
2 [ 0.0357666015625, 0.576171875 ] 
3 [ 0.662109375, 0.6455078125 ] 
4 [ 0.98291015625, 0.45263671875 ] 
5 [ 0.763671875, 0.153564453125 ] 
6 [ 0.923828125, 0.4189453125 ] 
7 [ 0.22412109375, 0.9248046875 ] 
8 [ 0.467041015625, 0.6484375 ] 
9 [ 0.0252227783203125, 0.84228515625 ] 
10 [ 0.55908203125, 0.85400390625 ] 
11 [ 0.347900390625, 0.446044921875 ] 
12 [ 0.1776123046875, 0.398681640625 ] 
13 [ 0.1339111328125, 0.0308837890625 ] 
14 [ 0.93896484375, 0.30126953125 ] 
15 [ 0.295654296875, 0.3330078125 ] 
16 [ 0.431640625, 0.94287109375 ] 
17 [ 0.6689453125, 0.5830078125 ] 
18 [ 0.0225067138671875, 0.654296875 ] 
19 [ 0.52734375, 0.84423828125 ] 
22 [ 0.6796875, 0.47998046875 ] 
23 [ 0.47119140625, 0.453857421875 ] 
Thread 16
2 [ 0.46240234375, 0.2427978515625 ] 
3 [ 0.208984375, 0.58203125 ] 
4 [ 0.0484619140625, 0.10479736328125 ] 
5 [ 0.11749267578125, 0.78955078125 ] 
6 [ 0.53076171875, 0.1875 ] 
7 [ 0.1253662109375, 0.3173828125 ] 
8 [ 0.1998291015625, 0.406982421875 ] 
9 [ 0.74853515625, 0.82568359375 ] 
10 [ 0.7900390625, 0.318603515625 ] 
11 [ 0.5341796875, 0.0899658203125 ] 
12 [ 0.76904296875, 0.167236328125 ] 
13 [ 0.86181640625, 0.98974609375 ] 
14 [ 0.5146484375, 0.88427734375 ] 
15 [ 0.587890625, 0.15478515625 ] 
16 [ 0.06048583984375, 0.95166015625 ] 
17 [ 0.1781005859375, 0.19091796875 ] 
18 [ 0.583984375, 0.69580078125 ] 
19 [ 0.77880859375, 0.2890625 ] 
22 [ 0.037750244140625, 0.89111328125 ] 
23 [ 0.88671875, 0.72265625 ] 
Thread 17
2 [ 0.42431640625, 0.91748046875 ] 
3 [ 0.70947265625, 0.54052734375 ] 
4 [ 0.66796875, 0.1279296875 ] 
5 [ 0.640625, 0.36767578125 ] 
6 [ 0.09149169921875, 0.26611328125 ] 
7 [ 0.130126953125, 0.31640625 ] 
8 [ 0.8505859375, 0.560546875 ] 
9 [ 0.9296875, 0.69677734375 ] 
10 [ 0.5830078125, 0.8154296875 ] 
11 [ 0.87890625, 0.98876953125 ] 
12 [ 0.1116943359375, 0.1363525390625 ] 
13 [ 0.6787109375, 0.4951171875 ] 
14 [ 0.189697265625, 0.4951171875 ] 
15 [ 0.1475830078125, 0.054962158203125 ] 
16 [ 0.399169921875, 0.92041015625 ] 
17 [ 0.1280517578125, 0.42822265625 ] 
18 [ 0.1077880859375, 0.69970703125 ] 
19 [ 0.42333984375, 0.671875 ] 
22 [ 0.88525390625, 0.334228515625 ] 
23 [ 0.0286712646484375, 0.14990234375 ] 
Thread 18
2 [ 0.4609375, 0.26904296875 ] 
3 [ 0.2362060546875, 0.8701171875 ] 
4 [ 0.603515625, 0.54931640625 ] 
5 [ 0.328857421875, 0.2060546875 ] 
6 [ 0.4052734375, 0.7978515625 ] 
7 [ 0.09234619140625, 0.217529296875 ] 
8 [ 0.498046875, 0.90087890625 ] 
9 [ 0.57470703125, 0.84521484375 ] 
10 [ 0.73876953125, 0.5859375 ] 
11 [ 0.2467041015625, 0.66650390625 ] 
12 [ 0.000522613525390625, 0.865234375 ] 
13 [ 0.61279296875, 0.98974609375 ] 
14 [ 0.52783203125, 0.4794921875 ] 
15 [ 0.80126953125, 0.227783203125 ] 
16 [ 0.52685546875, 0.05267333984375 ] 
17 [ 0.9990234375, 0.48193359375 ] 
18 [ 0.90625, 0.638671875 ] 
19 [ 0.0908203125, 0.6953125 ] 
22 [ 0.9130859375, 0.69873046875 ] 
23 [ 0.489990234375, 0.65966796875 ] 
Thread 19
2 [ 0.77001953125, 0.765625 ] 
3 [ 0.119384765625, 0.264892578125 ] 
4 [ 0.52587890625, 0.485107421875 ] 
5 [ 0.65380859375, 0.086669921875 ] 
6 [ 0.1048583984375, 0.487548828125 ] 
7 [ 0.00782012939453125, 0.2509765625 ] 
8 [ 0.92822265625, 0.580078125 ] 
9 [ 0.0169830322265625, 0.120849609375 ] 
10 [ 0.86279296875, 0.484375 ] 
11 [ 0.8447265625, 0.2093505859375 ] 
12 [ 0.08349609375, 0.6259765625 ] 
13 [ 0.6611328125, 0.72998046875 ] 
14 [ 0.890625, 0.982421875 ] 
15 [ 0.76904296875, 0.58154296875 ] 
16 [ 0.416748046875, 0.73779296875 ] 
17 [ 0.171142578125, 0.12060546875 ] 
18 [ 0.8798828125, 0.033599853515625 ] 
19 [ 0.266357421875, 0.0679931640625 ] 
22 [ 0.79638671875, 0.19775390625 ] 
23 [ 0.16796875, 0.5185546875 ] 
Thread 20
2 [ 0.1759033203125, 0.68359375 ] 
3 [ 0.7705078125, 0.4794921875 ] 
4 [ 0.6923828125, 0.0728759765625 ] 
5 [ 0.73486328125, 0.22900390625 ] 
6 [ 0.96435546875, 0.67333984375 ] 
7 [ 0.10882568359375, 0.2120361328125 ] 
8 [ 0.1998291015625, 0.406982421875 ] 
9 [ 0.74853515625, 0.82568359375 ] 
10 [ 0.7900390625, 0.318603515625 ] 
11 [ 0.5341796875, 0.0899658203125 ] 
12 [ 0.76904296875, 0.167236328125 ] 
13 [ 0.86181640625, 0.98974609375 ] 
14 [ 0.5146484375, 0.88427734375 ] 
15 [ 0.587890625, 0.15478515625 ] 
16 [ 0.0154876708984375, 0.417724609375 ] 
17 [ 0.1904296875, 0.251708984375 ] 
18 [ 0.42529296875, 0.40771484375 ] 
19 [ 0.45751953125, 0.344482421875 ] 
22 [ 0.1365966796875, 0.90478515625 ] 
23 [ 0.05963134765625, 0.432373046875 ] 
Thread 21
2 [ 0.7216796875, 0.54638671875 ] 
3 [ 0.35009765625, 0.63916015625 ] 
4 [ 0.556640625, 0.0885009765625 ] 
5 [ 0.970703125, 0.64208984375 ] 
6 [ 0.432373046875, 0.429443359375 ] 
7 [ 0.6318359375, 0.07733154296875 ] 
8 [ 0.8505859375, 0.560546875 ] 
9 [ 0.9296875, 0.69677734375 ] 
10 [ 0.5830078125, 0.8154296875 ] 
11 [ 0.87890625, 0.98876953125 ] 
12 [ 0.1116943359375, 0.1363525390625 ] 
13 [ 0.6787109375, 0.4951171875 ] 
14 [ 0.189697265625, 0.4951171875 ] 
15 [ 0.1475830078125, 0.054962158203125 ] 
16 [ 0.98388671875, 0.98291015625 ] 
17 [ 0.368896484375, 0.29052734375 ] 
18 [ 0.312744140625, 0.81982421875 ] 
19 [ 0.87548828125, 0.78076171875 ] 
22 [ 0.72119140625, 0.60986328125 ] 
23 [ 0.68212890625, 0.8251953125 ] 
Thread 22
2 [ 0.473388671875, 0.42578125 ] 
3 [ 0.662109375, 0.544921875 ] 
4 [ 0.396484375, 0.79833984375 ] 
5 [ 0.86669921875, 0.484375 ] 
6 [ 0.69482421875, 0.45166015625 ] 
7 [ 0.12646484375, 0.91357421875 ] 
8 [ 0.498046875, 0.90087890625 ] 
9 [ 0.57470703125, 0.84521484375 ] 
10 [ 0.73876953125, 0.5859375 ] 
11 [ 0.2467041015625, 0.66650390625 ] 
12 [ 0.000522613525390625, 0.865234375 ] 
13 [ 0.61279296875, 0.98974609375 ] 
14 [ 0.52783203125, 0.4794921875 ] 
15 [ 0.80126953125, 0.227783203125 ] 
16 [ 0.1671142578125, 0.301513671875 ] 
17 [ 0.460693359375, 0.6171875 ] 
18 [ 0.1614990234375, 0.71826171875 ] 
19 [ 0.51806640625, 0.67529296875 ] 
22 [ 0.10675048828125, 0.61767578125 ] 
23 [ 0.04241943359375, 0.08349609375 ] 
Thread 23
2 [ 0.1527099609375, 0.64453125 ] 
3 [ 0.416259765625, 0.6474609375 ] 
4 [ 0.06158447265625, 0.94287109375 ] 
5 [ 0.08624267578125, 0.15185546875 ] 
6 [ 0.75830078125, 0.60986328125 ] 
7 [ 0.13427734375, 0.70654296875 ] 
8 [ 0.92822265625, 0.580078125 ] 
9 [ 0.0169830322265625, 0.120849609375 ] 
10 [ 0.86279296875, 0.484375 ] 
11 [ 0.8447265625, 0.2093505859375 ] 
12 [ 0.08349609375, 0.6259765625 ] 
13 [ 0.6611328125, 0.72998046875 ] 
14 [ 0.890625, 0.982421875 ] 
15 [ 0.76904296875, 0.58154296875 ] 
16 [ 0.106201171875, 0.701171875 ] 
17 [ 0.9814453125, 0.265380859375 ] 
18 [ 0.1787109375, 0.96875 ] 
19 [ 0.94384765625, 0.0067138671875 ] 
22 [ 0.65380859375, 0.859375 ] 
23 [ 0.07147216796875, 0.1331787109375 ] 
Thread 24
2 [ 0.46240234375, 0.2427978515625 ] 
3 [ 0.208984375, 0.58203125 ] 
4 [ 0.98779296875, 0.685546875 ] 
5 [ 0.290283203125, 0.82373046875 ] 
6 [ 0.325927734375, 0.751953125 ] 
7 [ 0.95068359375, 0.370361328125 ] 
8 [ 0.70703125, 0.99951171875 ] 
9 [ 0.287841796875, 0.41455078125 ] 
10 [ 0.46484375, 0.76416015625 ] 
11 [ 0.818359375, 0.1002197265625 ] 
12 [ 0.054229736328125, 0.1771240234375 ] 
13 [ 0.66259765625, 0.330810546875 ] 
14 [ 0.8984375, 0.1181640625 ] 
15 [ 0.98828125, 0.5400390625 ] 
16 [ 0.06048583984375, 0.95166015625 ] 
17 [ 0.1781005859375, 0.19091796875 ] 
18 [ 0.583984375, 0.69580078125 ] 
19 [ 0.77880859375, 0.2890625 ] 
22 [ 0.037750244140625, 0.89111328125 ] 
23 [ 0.88671875, 0.72265625 ] 
Thread 25
2 [ 0.42431640625, 0.91748046875 ] 
3 [ 0.70947265625, 0.54052734375 ] 
4 [ 0.17041015625, 0.294189453125 ] 
5 [ 0.317626953125, 0.175048828125 ] 
6 [ 0.54638671875, 0.2286376953125 ] 
7 [ 0.44384765625, 0.841796875 ] 
8 [ 0.67529296875, 0.468505859375 ] 
9 [ 0.912109375, 0.10400390625 ] 
10 [ 0.74560546875, 0.736328125 ] 
11 [ 0.56201171875, 0.1842041015625 ] 
12 [ 0.1781005859375, 0.359619140625 ] 
13 [ 0.05670166015625, 0.52197265625 ] 
14 [ 0.3359375, 0.1756591796875 ] 
15 [ 0.208984375, 0.9052734375 ] 
16 [ 0.399169921875, 0.92041015625 ] 
17 [ 0.1280517578125, 0.42822265625 ] 
18 [ 0.1077880859375, 0.69970703125 ] 
19 [ 0.42333984375, 0.671875 ] 
22 [ 0.88525390625, 0.334228515625 ] 
23 [ 0.0286712646484375, 0.14990234375 ] 
Thread 26
2 [ 0.4609375, 0.26904296875 ] 
3 [ 0.2362060546875, 0.8701171875 ] 
4 [ 0.2578125, 0.53076171875 ] 
5 [ 0.65380859375, 0.16357421875 ] 
6 [ 0.39892578125, 0.064208984375 ] 
7 [ 0.060028076171875, 0.734375 ] 
8 [ 0.441650390625, 0.01328277587890625 ] 
9 [ 0.89697265625, 0.1966552734375 ] 
10 [ 0.0933837890625, 0.307373046875 ] 
11 [ 0.4560546875, 0.1016845703125 ] 
12 [ 0.59716796875, 0.300048828125 ] 
13 [ 0.1341552734375, 0.212646484375 ] 
14 [ 0.89501953125, 0.07147216796875 ] 
15 [ 0.242431640625, 0.053741455078125 ] 
16 [ 0.52685546875, 0.05267333984375 ] 
17 [ 0.9990234375, 0.48193359375 ] 
18 [ 0.90625, 0.638671875 ] 
19 [ 0.0908203125, 0.6953125 ] 
22 [ 0.9130859375, 0.69873046875 ] 
23 [ 0.489990234375, 0.65966796875 ] 
Thread 27
2 [ 0.77001953125, 0.765625 ] 
3 [ 0.119384765625, 0.264892578125 ] 
4 [ 0.396728515625, 0.83251953125 ] 
5 [ 0.95703125, 0.666015625 ] 
6 [ 0.4150390625, 0.76708984375 ] 
7 [ 0.86669921875, 0.57080078125 ] 
8 [ 0.630859375, 0.08990478515625 ] 
9 [ 0.08087158203125, 0.77734375 ] 
10 [ 0.9052734375, 0.53369140625 ] 
11 [ 0.109130859375, 0.82568359375 ] 
12 [ 0.99560546875, 0.33203125 ] 
13 [ 0.29736328125, 0.062042236328125 ] 
14 [ 0.29833984375, 0.046356201171875 ] 
15 [ 0.50537109375, 0.76123046875 ] 
16 [ 0.416748046875, 0.73779296875 ] 
17 [ 0.171142578125, 0.12060546875 ] 
18 [ 0.8798828125, 0.033599853515625 ] 
19 [ 0.266357421875, 0.0679931640625 ] 
22 [ 0.79638671875, 0.19775390625 ] 
23 [ 0.16796875, 0.5185546875 ] 
Thread 28
2 [ 0.1759033203125, 0.68359375 ] 
3 [ 0.7705078125, 0.4794921875 ] 
4 [ 0.402099609375, 0.422607421875 ] 
5 [ 0.75927734375, 0.95361328125 ] 
6 [ 0.65380859375, 0.390869140625 ] 
7 [ 0.65234375, 0.2237548828125 ] 
8 [ 0.70703125, 0.99951171875 ] 
9 [ 0.287841796875, 0.41455078125 ] 
10 [ 0.46484375, 0.76416015625 ] 
11 [ 0.818359375, 0.1002197265625 ] 
12 [ 0.054229736328125, 0.1771240234375 ] 
13 [ 0.66259765625, 0.330810546875 ] 
14 [ 0.8984375, 0.1181640625 ] 
15 [ 0.98828125, 0.5400390625 ] 
16 [ 0.0154876708984375, 0.417724609375 ] 
17 [ 0.1904296875, 0.251708984375 ] 
18 [ 0.42529296875, 0.40771484375 ] 
19 [ 0.45751953125, 0.344482421875 ] 
22 [ 0.1365966796875, 0.90478515625 ] 
23 [ 0.05963134765625, 0.432373046875 ] 
Thread 29
2 [ 0.7216796875, 0.54638671875 ] 
3 [ 0.35009765625, 0.63916015625 ] 
4 [ 0.62060546875, 0.359619140625 ] 
5 [ 0.74072265625, 0.541015625 ] 
6 [ 0.9326171875, 0.81591796875 ] 
7 [ 0.60498046875, 0.37353515625 ] 
8 [ 0.67529296875, 0.468505859375 ] 
9 [ 0.912109375, 0.10400390625 ] 
10 [ 0.74560546875, 0.736328125 ] 
11 [ 0.56201171875, 0.1842041015625 ] 
12 [ 0.1781005859375, 0.359619140625 ] 
13 [ 0.05670166015625, 0.52197265625 ] 
14 [ 0.3359375, 0.1756591796875 ] 
15 [ 0.208984375, 0.9052734375 ] 
16 [ 0.98388671875, 0.98291015625 ] 
17 [ 0.368896484375, 0.29052734375 ] 
18 [ 0.312744140625, 0.81982421875 ] 
19 [ 0.87548828125, 0.78076171875 ] 
22 [ 0.72119140625, 0.60986328125 ] 
23 [ 0.68212890625, 0.8251953125 ] 
Thread 30
2 [ 0.473388671875, 0.42578125 ] 
3 [ 0.662109375, 0.544921875 ] 
4 [ 0.1544189453125, 0.55810546875 ] 
5 [ 0.74365234375, 0.6796875 ] 
6 [ 0.1634521484375, 0.3173828125 ] 
7 [ 0.38720703125, 0.0875244140625 ] 
8 [ 0.441650390625, 0.01328277587890625 ] 
9 [ 0.89697265625, 0.1966552734375 ] 
10 [ 0.0933837890625, 0.307373046875 ] 
11 [ 0.4560546875, 0.1016845703125 ] 
12 [ 0.59716796875, 0.300048828125 ] 
13 [ 0.1341552734375, 0.212646484375 ] 
14 [ 0.89501953125, 0.07147216796875 ] 
15 [ 0.242431640625, 0.053741455078125 ] 
16 [ 0.1671142578125, 0.301513671875 ] 
17 [ 0.460693359375, 0.6171875 ] 
18 [ 0.1614990234375, 0.71826171875 ] 
19 [ 0.51806640625, 0.67529296875 ] 
22 [ 0.10675048828125, 0.61767578125 ] 
23 [ 0.04241943359375, 0.08349609375 ] 
Thread 31
2 [ 0.1527099609375, 0.64453125 ] 
3 [ 0.416259765625, 0.6474609375 ] 
4 [ 0.38134765625, 0.74267578125 ] 
5 [ 0.10589599609375, 0.03656005859375 ] 
6 [ 0.9208984375, 0.814453125 ] 
7 [ 0.1422119140625, 0.64013671875 ] 
8 [ 0.630859375, 0.08990478515625 ] 
9 [ 0.08087158203125, 0.77734375 ] 
10 [ 0.9052734375, 0.53369140625 ] 
11 [ 0.109130859375, 0.82568359375 ] 
12 [ 0.99560546875, 0.33203125 ] 
13 [ 0.29736328125, 0.062042236328125 ] 
14 [ 0.29833984375, 0.046356201171875 ] 
15 [ 0.50537109375, 0.76123046875 ] 
16 [ 0.106201171875, 0.701171875 ] 
17 [ 0.9814453125, 0.265380859375 ] 
18 [ 0.1787109375, 0.96875 ] 
19 [ 0.94384765625, 0.0067138671875 ] 
22 [ 0.65380859375, 0.859375 ] 
23 [ 0.07147216796875, 0.1331787109375 ] 
