Thread 0
2 [ 0.602, 0.341 ] 
3 [ 0.6475, 0.842 ] 
4 [ 0.3381, 0.7803 ] 
5 [ 0.6836, 0.3665 ] 
6 [ 0.7817, 0.4326 ] 
7 [ 0.05942, 0.0986 ] 
8 [ 0.4045, 0.4485 ] 
9 [ 0.3657, 0.7637 ] 
10 [ 0.628, 0.772 ] 
11 [ 0.9326, 0.9727 ] 
12 [ 0.544, 0.721 ] 
13 [ 0.5225, 0.9937 ] 
14 [ 0.2186, 0.1058 ] 
15 [ 0.1097, 0.0636 ] 
16 [ 0.1733, 0.3723 ] 
17 [ 0.6665, 0.1564 ] 
18 [ 0.824, 0.4229 ] 
19 [ 0.5312, 0.6377 ] 
22 [ 0.679, 0.4941 ] 
23 [ 0.8057, 0.5215 ] 
Thread 1
2 [ 0.3867, 0.6074 ] 
3 [ 0.679, 0.833 ] 
4 [ 0.294, 0.3376 ] 
5 [ 0.1321, 0.3691 ] 
6 [ 0.1006, 0.6553 ] 
7 [ 0.316, 0.142 ] 
8 [ 0.3936, 0.6714 ] 
9 [ 0.741, 0.52 ] 
10 [ 0.3477, 0.15 ] 
11 [ 0.586, 0.2622 ] 
12 [ 0.192, 0.1389 ] 
13 [ 0.6963, 0.0938 ] 
14 [ 0.5254, 0.5303 ] 
15 [ 0.8613, 0.4849 ] 
16 [ 0.3909, 0.1981 ] 
17 [ 0.539, 0.8555 ] 
18 [ 0.9824, 0.09424 ] 
19 [ 0.3252, 0.9575 ] 
22 [ 0.3955, 0.779 ] 
23 [ 0.5767, 0.09674 ] 
Thread 2
2 [ 0.916, 0.1918 ] 
3 [ 0.6357, 0.2563 ] 
4 [ 0.746, 0.608 ] 
5 [ 0.7227, 0.685 ] 
6 [ 0.294, 0.10974 ] 
7 [ 0.773, 0.1682 ] 
8 [ 0.6836, 0.704 ] 
9 [ 0.4424, 0.01958 ] 
10 [ 0.3308, 0.4243 ] 
11 [ 0.2703, 0.197 ] 
12 [ 0.04446, 0.755 ] 
13 [ 0.2428, 0.4424 ] 
14 [ 0.688, 0.3591 ] 
15 [ 0.7363, 0.3948 ] 
16 [ 0.8315, 0.4897 ] 
17 [ 0.698, 0.6445 ] 
18 [ 0.7305, 0.5986 ] 
19 [ 0.10565, 0.2407 ] 
22 [ 0.3674, 0.715 ] 
23 [ 0.183, 0.8184 ] 
Thread 3
2 [ 0.001151, 0.7383 ] 
3 [ 0.9453, 0.6133 ] 
4 [ 0.01034, 0.741 ] 
5 [ 0.11035, 0.598 ] 
6 [ 0.2374, 0.9336 ] 
7 [ 0.6963, 0.1963 ] 
8 [ 0.3774, 0.2161 ] 
9 [ 0.7905, 0.949 ] 
10 [ 0.3276, 0.6714 ] 
11 [ 0.4387, 0.8335 ] 
12 [ 0.822, 0.43 ] 
13 [ 0.8877, 0.391 ] 
14 [ 0.769, 0.3967 ] 
15 [ 0.8086, 0.755 ] 
16 [ 0.803, 0.3396 ] 
17 [ 0.6665, 0.3762 ] 
18 [ 0.344, 0.471 ] 
19 [ 0.611, 0.6763 ] 
22 [ 0.988, 0.904 ] 
23 [ 0.24, 0.8174 ] 
Thread 4
2 [ 0.3225, 0.1887 ] 
3 [ 0.6074, 0.318 ] 
4 [ 0.7295, 0.8906 ] 
5 [ 0.749, 0.772 ] 
6 [ 0.1123, 0.769 ] 
7 [ 0.423, 0.893 ] 
8 [ 0.4045, 0.4485 ] 
9 [ 0.3657, 0.7637 ] 
10 [ 0.628, 0.772 ] 
11 [ 0.9326, 0.9727 ] 
12 [ 0.544, 0.721 ] 
13 [ 0.5225, 0.9937 ] 
14 [ 0.2186, 0.1058 ] 
15 [ 0.1097, 0.0636 ] 
16 [ 0.6567, 0.269 ] 
17 [ 0.0326, 0.5894 ] 
18 [ 0.818, 0.0688 ] 
19 [ 0.1537, 0.255 ] 
22 [ 0.0987, 0.03055 ] 
23 [ 0.9785, 0.973 ] 
Thread 5
2 [ 0.7847, 0.2876 ] 
3 [ 0.4502, 0.1192 ] 
4 [ 0.707, 0.799 ] 
5 [ 0.583, 0.2057 ] 
6 [ 0.7847, 0.396 ] 
7 [ 0.656, 0.703 ] 
8 [ 0.3936, 0.6714 ] 
9 [ 0.741, 0.52 ] 
10 [ 0.3477, 0.15 ] 
11 [ 0.586, 0.2622 ] 
12 [ 0.192, 0.1389 ] 
13 [ 0.6963, 0.0938 ] 
14 [ 0.5254, 0.5303 ] 
15 [ 0.8613, 0.4849 ] 
16 [ 0.628, 0.4229 ] 
17 [ 0.561, 0.2262 ] 
18 [ 0.2607, 0.3196 ] 
19 [ 0.281, 0.224 ] 
22 [ 0.262, 0.744 ] 
23 [ 0.713, 0.649 ] 
Thread 6
2 [ 0.4714, 0.0911 ] 
3 [ 0.4587, 0.94 ] 
4 [ 0.7812, 0.7344 ] 
5 [ 0.74, 0.3882 ] 
6 [ 0.2915, 0.273 ] 
7 [ 0.723, 0.5557 ] 
8 [ 0.6836, 0.704 ] 
9 [ 0.4424, 0.01958 ] 
10 [ 0.3308, 0.4243 ] 
11 [ 0.2703, 0.197 ] 
12 [ 0.04446, 0.755 ] 
13 [ 0.2428, 0.4424 ] 
14 [ 0.688, 0.3591 ] 
15 [ 0.7363, 0.3948 ] 
16 [ 0.292, 0.548 ] 
17 [ 0.882, 0.3845 ] 
18 [ 0.594, 0.531 ] 
19 [ 0.4402, 0.668 ] 
22 [ 0.3354, 0.5 ] 
23 [ 0.5005, 0.8003 ] 
Thread 7
2 [ 0.03577, 0.576 ] 
3 [ 0.662, 0.6455 ] 
4 [ 0.288, 0.05133 ] 
5 [ 0.2349, 0.552 ] 
6 [ 0.6035, 0.03723 ] 
7 [ 0.5312, 0.1844 ] 
8 [ 0.3774, 0.2161 ] 
9 [ 0.7905, 0.949 ] 
10 [ 0.3276, 0.6714 ] 
11 [ 0.4387, 0.8335 ] 
12 [ 0.822, 0.43 ] 
13 [ 0.8877, 0.391 ] 
14 [ 0.769, 0.3967 ] 
15 [ 0.8086, 0.755 ] 
16 [ 0.4316, 0.943 ] 
17 [ 0.669, 0.583 ] 
18 [ 0.0225, 0.6543 ] 
19 [ 0.5273, 0.844 ] 
22 [ 0.6797, 0.48 ] 
23 [ 0.4712, 0.4539 ] 
Thread 8
2 [ 0.602, 0.341 ] 
3 [ 0.6475, 0.842 ] 
4 [ 0.5576, 0.1611 ] 
5 [ 0.4243, 0.6816 ] 
6 [ 0.809, 0.7944 ] 
7 [ 0.789, 0.02513 ] 
8 [ 0.1231, 0.2054 ] 
9 [ 0.1465, 0.1891 ] 
10 [ 0.04266, 0.6353 ] 
11 [ 0.282, 0.5386 ] 
12 [ 0.5522, 0.63 ] 
13 [ 0.03198, 0.6147 ] 
14 [ 0.3623, 0.04953 ] 
15 [ 0.4895, 0.1925 ] 
16 [ 0.1733, 0.3723 ] 
17 [ 0.6665, 0.1564 ] 
18 [ 0.824, 0.4229 ] 
19 [ 0.5312, 0.6377 ] 
22 [ 0.679, 0.4941 ] 
23 [ 0.8057, 0.5215 ] 
Thread 9
2 [ 0.3867, 0.6074 ] 
3 [ 0.679, 0.833 ] 
4 [ 0.3135, 0.7583 ] 
5 [ 0.4294, 0.4634 ] 
6 [ 0.7485, 0.5776 ] 
7 [ 0.852, 0.4211 ] 
8 [ 0.2703, 0.2085 ] 
9 [ 0.565, 0.64 ] 
10 [ 0.417, 0.2059 ] 
11 [ 0.9478, 0.0821 ] 
12 [ 0.6953, 0.499 ] 
13 [ 0.5356, 0.445 ] 
14 [ 0.12396, 0.4905 ] 
15 [ 0.853, 0.874 ] 
16 [ 0.3909, 0.1981 ] 
17 [ 0.539, 0.8555 ] 
18 [ 0.9824, 0.09424 ] 
19 [ 0.3252, 0.9575 ] 
22 [ 0.3955, 0.779 ] 
23 [ 0.5767, 0.09674 ] 
Thread 10
2 [ 0.916, 0.1918 ] 
3 [ 0.6357, 0.2563 ] 
4 [ 0.1663, 0.871 ] 
5 [ 0.1249, 0.2122 ] 
6 [ 0.1202, 0.44 ] 
7 [ 0.506, 0.1841 ] 
8 [ 0.738, 0.0634 ] 
9 [ 0.8604, 0.9346 ] 
10 [ 0.9844, 0.859 ] 
11 [ 0.7856, 0.513 ] 
12 [ 0.1057, 0.1421 ] 
13 [ 0.1665, 0.621 ] 
14 [ 0.5737, 0.05206 ] 
15 [ 0.931, 0.7285 ] 
16 [ 0.8315, 0.4897 ] 
17 [ 0.698, 0.6445 ] 
18 [ 0.7305, 0.5986 ] 
19 [ 0.10565, 0.2407 ] 
22 [ 0.3674, 0.715 ] 
23 [ 0.183, 0.8184 ] 
Thread 11
2 [ 0.001151, 0.7383 ] 
3 [ 0.9453, 0.6133 ] 
4 [ 0.6226, 0.3508 ] 
5 [ 0.02443, 0.0985 ] 
6 [ 0.525, 0.2576 ] 
7 [ 0.6357, 0.7256 ] 
8 [ 0.467, 0.6484 ] 
9 [ 0.02522, 0.8423 ] 
10 [ 0.559, 0.854 ] 
11 [ 0.348, 0.446 ] 
12 [ 0.1776, 0.3987 ] 
13 [ 0.1339, 0.03088 ] 
14 [ 0.939, 0.3013 ] 
15 [ 0.2957, 0.333 ] 
16 [ 0.803, 0.3396 ] 
17 [ 0.6665, 0.3762 ] 
18 [ 0.344, 0.471 ] 
19 [ 0.611, 0.6763 ] 
22 [ 0.988, 0.904 ] 
23 [ 0.24, 0.8174 ] 
Thread 12
2 [ 0.3225, 0.1887 ] 
3 [ 0.6074, 0.318 ] 
4 [ 0.074, 0.5977 ] 
5 [ 0.9355, 0.8945 ] 
6 [ 0.1808, 0.6714 ] 
7 [ 0.6313, 0.1769 ] 
8 [ 0.1231, 0.2054 ] 
9 [ 0.1465, 0.1891 ] 
10 [ 0.04266, 0.6353 ] 
11 [ 0.282, 0.5386 ] 
12 [ 0.5522, 0.63 ] 
13 [ 0.03198, 0.6147 ] 
14 [ 0.3623, 0.04953 ] 
15 [ 0.4895, 0.1925 ] 
16 [ 0.6567, 0.269 ] 
17 [ 0.0326, 0.5894 ] 
18 [ 0.818, 0.0688 ] 
19 [ 0.1537, 0.255 ] 
22 [ 0.0987, 0.03055 ] 
23 [ 0.9785, 0.973 ] 
Thread 13
2 [ 0.7847, 0.2876 ] 
3 [ 0.4502, 0.1192 ] 
4 [ 0.684, 0.3352 ] 
5 [ 0.458, 0.5166 ] 
6 [ 0.2554, 0.7153 ] 
7 [ 0.355, 0.9575 ] 
8 [ 0.2703, 0.2085 ] 
9 [ 0.565, 0.64 ] 
10 [ 0.417, 0.2059 ] 
11 [ 0.9478, 0.0821 ] 
12 [ 0.6953, 0.499 ] 
13 [ 0.5356, 0.445 ] 
14 [ 0.12396, 0.4905 ] 
15 [ 0.853, 0.874 ] 
16 [ 0.628, 0.4229 ] 
17 [ 0.561, 0.2262 ] 
18 [ 0.2607, 0.3196 ] 
19 [ 0.281, 0.224 ] 
22 [ 0.262, 0.744 ] 
23 [ 0.713, 0.649 ] 
Thread 14
2 [ 0.4714, 0.0911 ] 
3 [ 0.4587, 0.94 ] 
4 [ 0.4023, 0.2993 ] 
5 [ 0.2405, 0.7026 ] 
6 [ 0.02054, 0.642 ] 
7 [ 0.997, 0.2654 ] 
8 [ 0.738, 0.0634 ] 
9 [ 0.8604, 0.9346 ] 
10 [ 0.9844, 0.859 ] 
11 [ 0.7856, 0.513 ] 
12 [ 0.1057, 0.1421 ] 
13 [ 0.1665, 0.621 ] 
14 [ 0.5737, 0.05206 ] 
15 [ 0.931, 0.7285 ] 
16 [ 0.292, 0.548 ] 
17 [ 0.882, 0.3845 ] 
18 [ 0.594, 0.531 ] 
19 [ 0.4402, 0.668 ] 
22 [ 0.3354, 0.5 ] 
23 [ 0.5005, 0.8003 ] 
Thread 15
2 [ 0.03577, 0.576 ] 
3 [ 0.662, 0.6455 ] 
4 [ 0.983, 0.4526 ] 
5 [ 0.7637, 0.1536 ] 
6 [ 0.924, 0.419 ] 
7 [ 0.2241, 0.925 ] 
8 [ 0.467, 0.6484 ] 
9 [ 0.02522, 0.8423 ] 
10 [ 0.559, 0.854 ] 
11 [ 0.348, 0.446 ] 
12 [ 0.1776, 0.3987 ] 
13 [ 0.1339, 0.03088 ] 
14 [ 0.939, 0.3013 ] 
15 [ 0.2957, 0.333 ] 
16 [ 0.4316, 0.943 ] 
17 [ 0.669, 0.583 ] 
18 [ 0.0225, 0.6543 ] 
19 [ 0.5273, 0.844 ] 
22 [ 0.6797, 0.48 ] 
23 [ 0.4712, 0.4539 ] 
Thread 16
2 [ 0.4624, 0.2428 ] 
3 [ 0.209, 0.582 ] 
4 [ 0.04846, 0.1048 ] 
5 [ 0.1175, 0.7896 ] 
6 [ 0.531, 0.1875 ] 
7 [ 0.1254, 0.3174 ] 
8 [ 0.1998, 0.407 ] 
9 [ 0.7485, 0.8257 ] 
10 [ 0.79, 0.3186 ] 
11 [ 0.534, 0.08997 ] 
12 [ 0.769, 0.1672 ] 
13 [ 0.862, 0.9897 ] 
14 [ 0.5146, 0.8843 ] 
15 [ 0.588, 0.1548 ] 
16 [ 0.0605, 0.9517 ] 
17 [ 0.1781, 0.1909 ] 
18 [ 0.584, 0.696 ] 
19 [ 0.779, 0.289 ] 
22 [ 0.03775, 0.891 ] 
23 [ 0.8867, 0.7227 ] 
Thread 17
2 [ 0.4243, 0.9175 ] 
3 [ 0.7095, 0.5405 ] 
4 [ 0.668, 0.1279 ] 
5 [ 0.6406, 0.3677 ] 
6 [ 0.0915, 0.266 ] 
7 [ 0.1301, 0.3164 ] 
8 [ 0.8506, 0.5605 ] 
9 [ 0.9297, 0.697 ] 
10 [ 0.583, 0.8154 ] 
11 [ 0.879, 0.989 ] 
12 [ 0.1117, 0.1364 ] 
13 [ 0.6787, 0.495 ] 
14 [ 0.1897, 0.495 ] 
15 [ 0.1476, 0.05496 ] 
16 [ 0.3992, 0.9204 ] 
17 [ 0.128, 0.4282 ] 
18 [ 0.1078, 0.6997 ] 
19 [ 0.4233, 0.672 ] 
22 [ 0.8853, 0.3342 ] 
23 [ 0.02867, 0.1499 ] 
Thread 18
2 [ 0.461, 0.269 ] 
3 [ 0.2362, 0.87 ] 
4 [ 0.6035, 0.5493 ] 
5 [ 0.3289, 0.206 ] 
6 [ 0.4053, 0.798 ] 
7 [ 0.09235, 0.2175 ] 
8 [ 0.498, 0.901 ] 
9 [ 0.5747, 0.845 ] 
10 [ 0.739, 0.586 ] 
11 [ 0.2467, 0.6665 ] 
12 [ 0.0005226, 0.865 ] 
13 [ 0.613, 0.9897 ] 
14 [ 0.528, 0.4795 ] 
15 [ 0.8013, 0.2278 ] 
16 [ 0.527, 0.05267 ] 
17 [ 0.999, 0.482 ] 
18 [ 0.9062, 0.6387 ] 
19 [ 0.0908, 0.6953 ] 
22 [ 0.913, 0.6987 ] 
23 [ 0.49, 0.6597 ] 
Thread 19
2 [ 0.77, 0.7656 ] 
3 [ 0.1194, 0.265 ] 
4 [ 0.526, 0.485 ] 
5 [ 0.654, 0.0867 ] 
6 [ 0.10486, 0.4875 ] 
7 [ 0.00782, 0.251 ] 
8 [ 0.928, 0.58 ] 
9 [ 0.01698, 0.12085 ] 
10 [ 0.863, 0.4844 ] 
11 [ 0.8447, 0.2094 ] 
12 [ 0.0835, 0.626 ] 
13 [ 0.661, 0.73 ] 
14 [ 0.8906, 0.9824 ] 
15 [ 0.769, 0.5815 ] 
16 [ 0.4167, 0.738 ] 
17 [ 0.1711, 0.1206 ] 
18 [ 0.88, 0.0336 ] 
19 [ 0.2664, 0.068 ] 
22 [ 0.7964, 0.1978 ] 
23 [ 0.168, 0.5186 ] 
Thread 20
2 [ 0.1759, 0.6836 ] 
3 [ 0.7705, 0.4795 ] 
4 [ 0.6924, 0.0729 ] 
5 [ 0.735, 0.229 ] 
6 [ 0.9644, 0.6733 ] 
7 [ 0.1088, 0.212 ] 
8 [ 0.1998, 0.407 ] 
9 [ 0.7485, 0.8257 ] 
10 [ 0.79, 0.3186 ] 
11 [ 0.534, 0.08997 ] 
12 [ 0.769, 0.1672 ] 
13 [ 0.862, 0.9897 ] 
14 [ 0.5146, 0.8843 ] 
15 [ 0.588, 0.1548 ] 
16 [ 0.01549, 0.4177 ] 
17 [ 0.1904, 0.2517 ] 
18 [ 0.4253, 0.4077 ] 
19 [ 0.4575, 0.3445 ] 
22 [ 0.1366, 0.905 ] 
23 [ 0.05963, 0.4324 ] 
Thread 21
2 [ 0.7217, 0.5464 ] 
3 [ 0.35, 0.639 ] 
4 [ 0.5566, 0.0885 ] 
5 [ 0.9707, 0.642 ] 
6 [ 0.4324, 0.4294 ] 
7 [ 0.632, 0.07733 ] 
8 [ 0.8506, 0.5605 ] 
9 [ 0.9297, 0.697 ] 
10 [ 0.583, 0.8154 ] 
11 [ 0.879, 0.989 ] 
12 [ 0.1117, 0.1364 ] 
13 [ 0.6787, 0.495 ] 
14 [ 0.1897, 0.495 ] 
15 [ 0.1476, 0.05496 ] 
16 [ 0.984, 0.983 ] 
17 [ 0.369, 0.2905 ] 
18 [ 0.3127, 0.82 ] 
19 [ 0.8755, 0.781 ] 
22 [ 0.721, 0.61 ] 
23 [ 0.682, 0.825 ] 
Thread 22
2 [ 0.4734, 0.4258 ] 
3 [ 0.662, 0.545 ] 
4 [ 0.3965, 0.7983 ] 
5 [ 0.8667, 0.4844 ] 
6 [ 0.695, 0.4517 ] 
7 [ 0.1265, 0.9136 ] 
8 [ 0.498, 0.901 ] 
9 [ 0.5747, 0.845 ] 
10 [ 0.739, 0.586 ] 
11 [ 0.2467, 0.6665 ] 
12 [ 0.0005226, 0.865 ] 
13 [ 0.613, 0.9897 ] 
14 [ 0.528, 0.4795 ] 
15 [ 0.8013, 0.2278 ] 
16 [ 0.1671, 0.3015 ] 
17 [ 0.4607, 0.617 ] 
18 [ 0.1615, 0.7183 ] 
19 [ 0.518, 0.6753 ] 
22 [ 0.10675, 0.6177 ] 
23 [ 0.04242, 0.0835 ] 
Thread 23
2 [ 0.1527, 0.6445 ] 
3 [ 0.4163, 0.6475 ] 
4 [ 0.06158, 0.943 ] 
5 [ 0.08624, 0.1519 ] 
6 [ 0.7583, 0.61 ] 
7 [ 0.1343, 0.7065 ] 
8 [ 0.928, 0.58 ] 
9 [ 0.01698, 0.12085 ] 
10 [ 0.863, 0.4844 ] 
11 [ 0.8447, 0.2094 ] 
12 [ 0.0835, 0.626 ] 
13 [ 0.661, 0.73 ] 
14 [ 0.8906, 0.9824 ] 
15 [ 0.769, 0.5815 ] 
16 [ 0.1062, 0.701 ] 
17 [ 0.9814, 0.2654 ] 
18 [ 0.1787, 0.9688 ] 
19 [ 0.944, 0.006714 ] 
22 [ 0.654, 0.8594 ] 
23 [ 0.0715, 0.1332 ] 
Thread 24
2 [ 0.4624, 0.2428 ] 
3 [ 0.209, 0.582 ] 
4 [ 0.988, 0.6855 ] 
5 [ 0.2903, 0.8237 ] 
6 [ 0.326, 0.752 ] 
7 [ 0.9507, 0.3704 ] 
8 [ 0.707, 0.9995 ] 
9 [ 0.2878, 0.4146 ] 
10 [ 0.4648, 0.764 ] 
11 [ 0.8184, 0.1002 ] 
12 [ 0.05423, 0.1771 ] 
13 [ 0.6626, 0.3308 ] 
14 [ 0.8984, 0.11816 ] 
15 [ 0.9883, 0.54 ] 
16 [ 0.0605, 0.9517 ] 
17 [ 0.1781, 0.1909 ] 
18 [ 0.584, 0.696 ] 
19 [ 0.779, 0.289 ] 
22 [ 0.03775, 0.891 ] 
23 [ 0.8867, 0.7227 ] 
Thread 25
2 [ 0.4243, 0.9175 ] 
3 [ 0.7095, 0.5405 ] 
4 [ 0.1704, 0.2942 ] 
5 [ 0.3176, 0.175 ] 
6 [ 0.5464, 0.2286 ] 
7 [ 0.4438, 0.842 ] 
8 [ 0.6753, 0.4685 ] 
9 [ 0.912, 0.104 ] 
10 [ 0.7456, 0.7363 ] 
11 [ 0.562, 0.1842 ] 
12 [ 0.1781, 0.3596 ] 
13 [ 0.0567, 0.522 ] 
14 [ 0.336, 0.1757 ] 
15 [ 0.209, 0.9053 ] 
16 [ 0.3992, 0.9204 ] 
17 [ 0.128, 0.4282 ] 
18 [ 0.1078, 0.6997 ] 
19 [ 0.4233, 0.672 ] 
22 [ 0.8853, 0.3342 ] 
23 [ 0.02867, 0.1499 ] 
Thread 26
2 [ 0.461, 0.269 ] 
3 [ 0.2362, 0.87 ] 
4 [ 0.2578, 0.531 ] 
5 [ 0.654, 0.1636 ] 
6 [ 0.399, 0.0642 ] 
7 [ 0.06003, 0.7344 ] 
8 [ 0.4417, 0.01328 ] 
9 [ 0.897, 0.1967 ] 
10 [ 0.0934, 0.3074 ] 
11 [ 0.456, 0.1017 ] 
12 [ 0.597, 0.3 ] 
13 [ 0.1342, 0.2126 ] 
14 [ 0.895, 0.0715 ] 
15 [ 0.2424, 0.05374 ] 
16 [ 0.527, 0.05267 ] 
17 [ 0.999, 0.482 ] 
18 [ 0.9062, 0.6387 ] 
19 [ 0.0908, 0.6953 ] 
22 [ 0.913, 0.6987 ] 
23 [ 0.49, 0.6597 ] 
Thread 27
2 [ 0.77, 0.7656 ] 
3 [ 0.1194, 0.265 ] 
4 [ 0.3967, 0.8325 ] 
5 [ 0.957, 0.666 ] 
6 [ 0.415, 0.767 ] 
7 [ 0.8667, 0.571 ] 
8 [ 0.631, 0.0899 ] 
9 [ 0.0809, 0.7773 ] 
10 [ 0.9053, 0.5337 ] 
11 [ 0.10913, 0.8257 ] 
12 [ 0.9956, 0.332 ] 
13 [ 0.2974, 0.06204 ] 
14 [ 0.2983, 0.04636 ] 
15 [ 0.5054, 0.761 ] 
16 [ 0.4167, 0.738 ] 
17 [ 0.1711, 0.1206 ] 
18 [ 0.88, 0.0336 ] 
19 [ 0.2664, 0.068 ] 
22 [ 0.7964, 0.1978 ] 
23 [ 0.168, 0.5186 ] 
Thread 28
2 [ 0.1759, 0.6836 ] 
3 [ 0.7705, 0.4795 ] 
4 [ 0.402, 0.4226 ] 
5 [ 0.7593, 0.9536 ] 
6 [ 0.654, 0.3909 ] 
7 [ 0.6523, 0.2238 ] 
8 [ 0.707, 0.9995 ] 
9 [ 0.2878, 0.4146 ] 
10 [ 0.4648, 0.764 ] 
11 [ 0.8184, 0.1002 ] 
12 [ 0.05423, 0.1771 ] 
13 [ 0.6626, 0.3308 ] 
14 [ 0.8984, 0.11816 ] 
15 [ 0.9883, 0.54 ] 
16 [ 0.01549, 0.4177 ] 
17 [ 0.1904, 0.2517 ] 
18 [ 0.4253, 0.4077 ] 
19 [ 0.4575, 0.3445 ] 
22 [ 0.1366, 0.905 ] 
23 [ 0.05963, 0.4324 ] 
Thread 29
2 [ 0.7217, 0.5464 ] 
3 [ 0.35, 0.639 ] 
4 [ 0.6206, 0.3596 ] 
5 [ 0.7407, 0.541 ] 
6 [ 0.9326, 0.816 ] 
7 [ 0.605, 0.3735 ] 
8 [ 0.6753, 0.4685 ] 
9 [ 0.912, 0.104 ] 
10 [ 0.7456, 0.7363 ] 
11 [ 0.562, 0.1842 ] 
12 [ 0.1781, 0.3596 ] 
13 [ 0.0567, 0.522 ] 
14 [ 0.336, 0.1757 ] 
15 [ 0.209, 0.9053 ] 
16 [ 0.984, 0.983 ] 
17 [ 0.369, 0.2905 ] 
18 [ 0.3127, 0.82 ] 
19 [ 0.8755, 0.781 ] 
22 [ 0.721, 0.61 ] 
23 [ 0.682, 0.825 ] 
Thread 30
2 [ 0.4734, 0.4258 ] 
3 [ 0.662, 0.545 ] 
4 [ 0.1544, 0.558 ] 
5 [ 0.7437, 0.6797 ] 
6 [ 0.1635, 0.3174 ] 
7 [ 0.3872, 0.0875 ] 
8 [ 0.4417, 0.01328 ] 
9 [ 0.897, 0.1967 ] 
10 [ 0.0934, 0.3074 ] 
11 [ 0.456, 0.1017 ] 
12 [ 0.597, 0.3 ] 
13 [ 0.1342, 0.2126 ] 
14 [ 0.895, 0.0715 ] 
15 [ 0.2424, 0.05374 ] 
16 [ 0.1671, 0.3015 ] 
17 [ 0.4607, 0.617 ] 
18 [ 0.1615, 0.7183 ] 
19 [ 0.518, 0.6753 ] 
22 [ 0.10675, 0.6177 ] 
23 [ 0.04242, 0.0835 ] 
Thread 31
2 [ 0.1527, 0.6445 ] 
3 [ 0.4163, 0.6475 ] 
4 [ 0.3813, 0.7427 ] 
5 [ 0.1059, 0.03656 ] 
6 [ 0.921, 0.8145 ] 
7 [ 0.1422, 0.64 ] 
8 [ 0.631, 0.0899 ] 
9 [ 0.0809, 0.7773 ] 
10 [ 0.9053, 0.5337 ] 
11 [ 0.10913, 0.8257 ] 
12 [ 0.9956, 0.332 ] 
13 [ 0.2974, 0.06204 ] 
14 [ 0.2983, 0.04636 ] 
15 [ 0.5054, 0.761 ] 
16 [ 0.1062, 0.701 ] 
17 [ 0.9814, 0.2654 ] 
18 [ 0.1787, 0.9688 ] 
19 [ 0.944, 0.006714 ] 
22 [ 0.654, 0.8594 ] 
23 [ 0.0715, 0.1332 ] 
