5.43359375        4.72265625        4.109375        5.8359375        5.69921875        5.61328125        5.3359375        5.0078125        3.29296875        4.4765625        5.39453125        4.0859375        5.16015625        4.33984375        3.427734375        4.25        
5.12890625        4.15234375        3.6328125        6.125        4.1640625        5.54296875        5.30078125        5.03515625        3.09375        5.2109375        5.8671875        4.4765625        5.25390625        4.44140625        3.490234375        5.1328125        
5.07421875        4.2734375        4.78125        5.296875        4.8515625        4.04296875        5.9765625        6.02734375        2.87109375        5.03125        5.015625        3.908203125        4.87109375        4.41796875        3.0546875        3.9296875        
5.5859375        4.7421875        4.109375        6.68359375        5.3984375        5.80859375        6.23828125        5.3515625        4.375        5.21484375        5.3125        4.15234375        5.359375        4.2734375        4.1875        4.8515625        
4.33203125        3.599609375        3.58203125        5.13671875        5.0234375        4.83203125        5.359375        5.03515625        3.1640625        4.1640625        3.94921875        3.5703125        3.841796875        4.11328125        2.982421875        3.080078125        
4.96875        3.4140625        3.466796875        5.1015625        4.39453125        4.578125        4.3203125        4.453125        2.734375        4.0703125        4.421875        3.89453125        4.2578125        3.64453125        2.85546875        4.4921875        
5.5546875        4.40625        4.23828125        5.92578125        5.01953125        5.20703125        5.6640625        5.31640625        3.51171875        4.84765625        5.67578125        4.0390625        5.1328125        3.580078125        2.712890625        5.578125        
3.86328125        2.771484375        3.2421875        3.673828125        3.78125        3.955078125        3.43359375        4.26953125        2.443359375        3.5234375        4.53515625        3.369140625        3.30078125        3.7890625        3.0390625        3.81640625        
4.3359375        3.681640625        3.34765625        4.65234375        3.875        4.46875        4.1328125        5.27734375        1.818359375        3.654296875        4.66796875        3.330078125        3.755859375        3.603515625        2.630859375        2.767578125        
4.4375        3.912109375        3.76171875        4.25        4.97265625        3.779296875        5.1171875        5.3515625        2.873046875        3.779296875        4.27734375        3.3515625        4.01953125        3.693359375        2.501953125        3.779296875        
5.48046875        4.640625        4.296875        5.60546875        5.01953125        4.94921875        6.19921875        5.4921875        3.134765625        4.4765625        5.0859375        4.0        4.2421875        4.02734375        3.29296875        4.09375        
4.859375        4.140625        3.587890625        6.19140625        5.5859375        4.578125        5.609375        4.8671875        3.873046875        5.015625        5.2890625        3.8125        5.21875        3.7890625        2.7890625        4.60546875        
4.5703125        2.521484375        3.466796875        3.6640625        3.919921875        4.38671875        3.94921875        3.775390625        2.669921875        3.4453125        4.23828125        3.5703125        3.658203125        3.404296875        2.5078125        2.6328125        
6.1796875        4.796875        5.2890625        7.10546875        6.8203125        6.1015625        7.17578125        6.0625        3.880859375        5.1171875        6.25        5.0859375        6.04296875        5.20703125        4.08984375        4.7578125        
4.02734375        3.927734375        3.673828125        4.4453125        3.900390625        4.13671875        4.234375        4.5        2.21875        3.9765625        4.765625        3.765625        3.71484375        3.49609375        2.185546875        3.091796875        
3.8984375        4.63671875        3.779296875        4.765625        4.640625        4.63671875        4.828125        4.8125        3.216796875        4.58203125        3.97265625        3.0078125        4.828125        4.296875        2.634765625        3.712890625        
